2	11
2	41
2	52
2	65
2	78
2	83
2	85
2	114
2	127
2	128
2	166
2	178
2	179
2	189
2	211
2	218
2	240
2	245
2	268
2	279
2	291
2	324
2	348
2	351
2	364
2	375
2	402
2	403
2	413
2	414
2	451
2	454
2	467
2	476
2	493
2	509
2	517
2	522
2	523
2	544
2	550
3	11
3	41
3	52
3	65
3	78
3	83
3	85
3	114
3	127
3	128
3	166
3	178
3	179
3	189
3	211
3	218
3	240
3	245
3	268
3	279
3	291
3	324
3	348
3	351
3	364
3	375
3	402
3	403
3	413
3	414
3	451
3	454
3	467
3	476
3	509
3	517
3	522
3	523
3	544
3	550
4	11
4	41
4	52
4	65
4	78
4	83
4	84
4	85
4	114
4	127
4	128
4	166
4	178
4	179
4	189
4	211
4	218
4	240
4	268
4	279
4	291
4	324
4	326
4	348
4	351
4	364
4	375
4	402
4	403
4	413
4	414
4	451
4	454
4	467
4	476
4	509
4	517
4	522
4	523
4	544
4	550
5	11
5	14
5	16
5	20
5	41
5	43
5	65
5	78
5	83
5	85
5	97
5	107
5	127
5	128
5	139
5	166
5	171
5	177
5	178
5	179
5	186
5	189
5	218
5	219
5	228
5	240
5	245
5	259
5	277
5	278
5	279
5	289
5	291
5	293
5	315
5	324
5	334
5	338
5	343
5	348
5	364
5	369
5	375
5	388
5	403
5	404
5	406
5	413
5	414
5	421
5	425
5	426
5	435
5	451
5	453
5	454
5	467
5	476
5	482
5	484
5	485
5	491
5	493
5	503
5	506
5	509
5	521
5	523
5	543
5	550
5	552
5	565
6	6
6	11
6	20
6	41
6	43
6	63
6	65
6	69
6	78
6	83
6	85
6	92
6	127
6	128
6	166
6	168
6	178
6	179
6	184
6	189
6	218
6	226
6	234
6	240
6	245
6	257
6	278
6	279
6	291
6	293
6	309
6	324
6	326
6	348
6	364
6	375
6	385
6	388
6	392
6	403
6	413
6	414
6	432
6	445
6	451
6	454
6	467
6	476
6	493
6	497
6	505
6	506
6	509
6	523
6	542
6	550
6	576
7	11
7	14
7	16
7	20
7	41
7	45
7	65
7	78
7	83
7	84
7	85
7	122
7	127
7	139
7	157
7	166
7	178
7	179
7	185
7	186
7	191
7	218
7	235
7	240
7	245
7	259
7	279
7	282
7	291
7	304
7	324
7	326
7	348
7	349
7	356
7	364
7	369
7	375
7	402
7	403
7	413
7	414
7	435
7	448
7	451
7	454
7	460
7	476
7	493
7	497
7	499
7	506
7	509
7	523
8	5
8	9
8	20
8	41
8	43
8	65
8	78
8	83
8	85
8	125
8	127
8	128
8	139
8	141
8	147
8	166
8	178
8	179
8	240
8	245
8	277
8	279
8	281
8	291
8	324
8	346
8	348
8	349
8	351
8	364
8	375
8	388
8	392
8	395
8	403
8	413
8	414
8	451
8	454
8	476
8	503
8	506
8	509
8	514
8	523
8	524
8	543
8	565
9	41
9	65
9	78
9	85
9	127
9	139
9	166
9	178
9	179
9	240
9	245
9	279
9	291
9	324
9	348
9	364
9	374
9	375
9	402
9	403
9	413
9	414
9	451
9	454
9	476
9	509
9	523
9	550
9	552
10	41
10	56
10	65
10	78
10	85
10	127
10	139
10	166
10	178
10	179
10	240
10	245
10	279
10	291
10	324
10	348
10	364
10	375
10	402
10	403
10	413
10	414
10	451
10	454
10	476
10	509
10	523
10	550
10	552
11	14
11	16
11	20
11	41
11	43
11	65
11	78
11	83
11	85
11	127
11	128
11	156
11	158
11	166
11	178
11	179
11	181
11	189
11	203
11	211
11	218
11	219
11	240
11	278
11	279
11	291
11	324
11	334
11	348
11	364
11	375
11	389
11	403
11	404
11	405
11	413
11	414
11	435
11	446
11	448
11	451
11	454
11	460
11	476
11	493
11	502
11	506
11	509
11	523
11	526
11	550
11	574
12	16
12	20
12	41
12	56
12	62
12	65
12	78
12	83
12	85
12	94
12	127
12	128
12	134
12	162
12	163
12	166
12	178
12	179
12	189
12	218
12	234
12	240
12	245
12	265
12	279
12	284
12	286
12	291
12	298
12	300
12	322
12	324
12	343
12	348
12	364
12	370
12	375
12	392
12	403
12	413
12	414
12	445
12	450
12	451
12	454
12	476
12	491
12	505
12	506
12	509
12	523
12	547
12	550
12	576
13	5
13	11
13	29
13	33
13	65
13	78
13	83
13	91
13	95
13	116
13	127
13	128
13	134
13	167
13	178
13	179
13	211
13	240
13	245
13	257
13	259
13	277
13	279
13	291
13	307
13	348
13	375
13	396
13	398
13	403
13	404
13	410
13	413
13	448
13	451
13	460
13	493
13	497
13	506
13	511
13	550
13	552
13	565
13	576
14	5
14	11
14	29
14	33
14	65
14	78
14	83
14	91
14	95
14	116
14	128
14	134
14	167
14	179
14	240
14	245
14	246
14	257
14	259
14	277
14	279
14	291
14	307
14	348
14	396
14	398
14	403
14	404
14	410
14	413
14	414
14	448
14	460
14	493
14	497
14	506
14	511
14	550
14	552
14	565
14	576
15	3
15	5
15	10
15	11
15	14
15	43
15	65
15	78
15	83
15	84
15	85
15	97
15	98
15	115
15	128
15	134
15	156
15	178
15	179
15	189
15	218
15	222
15	240
15	245
15	246
15	286
15	291
15	324
15	348
15	375
15	389
15	392
15	395
15	413
15	414
15	448
15	451
15	454
15	467
15	477
15	484
15	485
15	493
15	494
15	497
15	502
15	523
15	542
15	550
15	565
15	576
15	577
15	584
16	9
16	14
16	65
16	78
16	83
16	85
16	127
16	180
16	189
16	218
16	234
16	240
16	257
16	348
16	349
16	356
16	361
16	365
16	388
16	413
16	414
16	451
16	454
16	474
16	493
16	550
16	576
17	9
17	65
17	78
17	83
17	85
17	127
17	180
17	189
17	218
17	234
17	240
17	257
17	348
17	349
17	356
17	361
17	365
17	413
17	414
17	451
17	454
17	474
17	484
17	493
17	550
17	576
18	14
18	65
18	77
18	78
18	128
18	157
18	178
18	277
18	319
18	348
18	392
18	410
18	414
18	452
18	454
18	482
18	526
18	550
19	14
19	65
19	77
19	78
19	128
19	157
19	178
19	277
19	319
19	348
19	375
19	392
19	410
19	414
19	451
19	452
19	454
19	482
19	526
19	550
20	65
20	128
20	178
20	348
20	454
20	482
20	526
21	65
21	128
21	178
21	348
21	454
21	482
21	526
22	56
22	78
23	56
23	78
24	13
24	20
24	31
24	39
24	42
24	44
24	47
24	65
24	77
24	78
24	83
24	84
24	85
24	94
24	95
24	97
24	112
24	118
24	127
24	128
24	139
24	164
24	189
24	211
24	218
24	219
24	248
24	257
24	258
24	268
24	292
24	306
24	348
24	349
24	374
24	375
24	404
24	414
24	425
24	442
24	448
24	451
24	454
24	460
24	482
24	493
24	494
24	502
24	503
24	507
24	511
24	550
24	570
24	576
25	3
25	11
25	13
25	14
25	16
25	20
25	43
25	44
25	47
25	52
25	53
25	64
25	65
25	73
25	78
25	79
25	85
25	97
25	110
25	112
25	114
25	127
25	128
25	134
25	178
25	184
25	185
25	186
25	189
25	211
25	216
25	219
25	234
25	245
25	257
25	265
25	268
25	288
25	305
25	307
25	309
25	319
25	337
25	345
25	348
25	355
25	374
25	375
25	383
25	388
25	389
25	404
25	414
25	425
25	448
25	451
25	454
25	466
25	476
25	479
25	482
25	493
25	509
25	522
25	526
25	550
25	565
25	570
25	576
25	577
26	5
26	6
26	14
26	42
26	43
26	62
26	65
26	70
26	78
26	83
26	84
26	127
26	128
26	139
26	155
26	157
26	191
26	211
26	217
26	219
26	226
26	240
26	245
26	259
26	267
26	304
26	305
26	315
26	319
26	326
26	348
26	375
26	377
26	382
26	389
26	392
26	404
26	410
26	414
26	423
26	435
26	448
26	451
26	454
26	461
26	476
26	493
26	550
26	552
26	571
26	576
26	577
27	14
27	43
27	44
27	48
27	65
27	69
27	78
27	79
27	83
27	84
27	95
27	120
27	162
27	179
27	185
27	218
27	219
27	244
27	258
27	266
27	292
27	307
27	310
27	315
27	324
27	325
27	348
27	350
27	360
27	374
27	414
27	425
27	450
27	454
27	460
27	493
27	550
27	576
27	577
28	43
28	44
28	65
28	74
28	77
28	78
28	83
28	84
28	85
28	88
28	95
28	97
28	118
28	127
28	128
28	178
28	179
28	185
28	189
28	218
28	219
28	240
28	244
28	245
28	269
28	295
28	307
28	315
28	343
28	348
28	356
28	374
28	375
28	404
28	413
28	414
28	425
28	434
28	435
28	448
28	451
28	454
28	476
28	509
28	547
28	550
28	564
28	565
28	571
28	576
28	577
29	454
29	573
30	83
30	128
30	493
31	9
31	78
31	576
32	259
32	451
32	454
33	550
33	576
34	502
34	513
35	9
36	576
37	78
37	149
37	150
37	219
37	451
38	319
39	65
39	78
39	83
39	162
39	189
39	221
39	382
39	413
39	451
39	493
39	550
40	5
40	6
40	32
40	39
40	40
40	41
40	43
40	44
40	54
40	65
40	78
40	83
40	85
40	107
40	108
40	112
40	128
40	134
40	139
40	155
40	157
40	180
40	189
40	195
40	196
40	211
40	219
40	230
40	233
40	234
40	245
40	246
40	257
40	258
40	259
40	260
40	261
40	262
40	263
40	264
40	265
40	268
40	274
40	277
40	288
40	289
40	291
40	292
40	300
40	315
40	319
40	324
40	333
40	337
40	339
40	341
40	343
40	348
40	356
40	375
40	382
40	384
40	389
40	394
40	399
40	405
40	414
40	415
40	434
40	435
40	442
40	448
40	450
40	454
40	455
40	479
40	482
40	493
40	496
40	497
40	503
40	526
40	531
40	550
40	552
40	564
40	565
40	576
41	6
41	78
41	107
41	195
41	219
41	315
41	348
41	350
41	414
41	502
41	576
42	65
42	218
42	223
42	307
42	375
43	65
43	252
43	348
44	162
44	219
44	493
44	576
45	65
45	78
45	83
45	348
45	414
45	448
45	543
45	550
46	128
46	576
47	78
47	127
47	219
47	257
48	85
49	85
50	78
50	162
50	360
50	550
51	78
51	234
51	291
51	306
51	348
51	360
52	116
52	382
53	68
53	218
53	348
54	14
54	39
54	42
54	63
54	65
54	78
54	83
54	85
54	104
54	112
54	122
54	128
54	178
54	211
54	218
54	219
54	324
54	348
54	356
54	374
54	375
54	388
54	403
54	425
54	454
54	493
54	509
54	531
54	550
54	552
55	14
55	39
55	42
55	63
55	65
55	78
55	83
55	85
55	104
55	112
55	122
55	128
55	178
55	211
55	218
55	219
55	348
55	374
55	375
55	403
55	425
55	454
55	493
55	509
55	531
55	550
55	552
56	14
56	39
56	42
56	65
56	78
56	83
56	85
56	104
56	122
56	128
56	178
56	211
56	218
56	219
56	348
56	374
56	375
56	403
56	425
56	454
56	493
56	509
56	550
56	552
57	65
58	65
59	9
59	54
59	65
59	78
59	83
59	128
59	133
59	147
59	168
59	189
59	211
59	245
59	255
59	256
59	262
59	278
59	292
59	324
59	349
59	375
59	425
59	454
59	496
59	577
60	9
60	65
60	218
60	414
60	448
60	454
60	477
60	493
60	576
61	65
61	97
61	414
62	78
62	375
63	448
64	552
65	493
66	65
66	83
66	128
66	348
66	451
66	523
67	2
67	5
67	13
67	20
67	37
67	39
67	43
67	48
67	54
67	65
67	73
67	78
67	83
67	98
67	127
67	128
67	134
67	141
67	157
67	179
67	212
67	218
67	219
67	225
67	235
67	240
67	245
67	257
67	258
67	265
67	291
67	310
67	315
67	319
67	324
67	339
67	348
67	350
67	356
67	360
67	374
67	375
67	384
67	388
67	392
67	395
67	403
67	414
67	435
67	448
67	451
67	454
67	501
67	502
67	505
67	506
67	509
67	524
67	542
67	543
67	550
67	551
67	566
67	576
67	577
68	9
68	11
68	13
68	14
68	65
68	78
68	83
68	95
68	127
68	128
68	152
68	178
68	179
68	218
68	219
68	234
68	240
68	252
68	269
68	307
68	315
68	316
68	317
68	319
68	323
68	324
68	326
68	331
68	346
68	348
68	349
68	365
68	374
68	375
68	388
68	403
68	406
68	410
68	414
68	425
68	432
68	448
68	451
68	454
68	465
68	482
68	483
68	485
68	492
68	493
68	494
68	502
68	542
68	550
68	565
68	576
69	3
69	9
69	11
69	13
69	14
69	65
69	78
69	83
69	95
69	127
69	128
69	152
69	168
69	178
69	179
69	218
69	219
69	234
69	240
69	252
69	269
69	307
69	315
69	316
69	319
69	321
69	323
69	331
69	346
69	349
69	365
69	374
69	375
69	388
69	406
69	410
69	414
69	432
69	448
69	451
69	454
69	485
69	492
69	493
69	494
69	502
69	542
69	550
69	565
69	576
70	6
70	11
70	18
70	20
70	28
70	34
70	39
70	41
70	43
70	44
70	48
70	61
70	62
70	65
70	68
70	78
70	83
70	84
70	85
70	91
70	94
70	97
70	103
70	112
70	115
70	125
70	127
70	128
70	134
70	139
70	147
70	155
70	157
70	158
70	161
70	162
70	164
70	177
70	179
70	189
70	211
70	216
70	218
70	219
70	234
70	237
70	245
70	246
70	250
70	251
70	259
70	272
70	276
70	277
70	284
70	288
70	291
70	293
70	294
70	299
70	300
70	304
70	305
70	306
70	311
70	315
70	316
70	320
70	322
70	324
70	326
70	337
70	343
70	348
70	349
70	356
70	360
70	366
70	369
70	374
70	375
70	388
70	389
70	392
70	404
70	414
70	417
70	435
70	442
70	448
70	451
70	454
70	459
70	460
70	467
70	470
70	482
70	483
70	484
70	485
70	492
70	493
70	497
70	503
70	514
70	516
70	523
70	526
70	531
70	535
70	538
70	542
70	543
70	544
70	549
70	550
70	552
70	562
70	565
70	571
70	576
70	577
70	584
70	589
71	41
71	218
71	375
71	493
72	18
72	78
72	128
72	493
73	454
74	43
74	307
75	307
75	451
76	44
76	65
76	494
76	550
77	414
78	65
78	414
79	414
80	78
80	128
80	414
81	3
81	6
81	43
81	51
81	59
81	65
81	69
81	78
81	83
81	85
81	98
81	127
81	128
81	218
81	219
81	291
81	324
81	348
81	350
81	356
81	360
81	374
81	395
81	414
81	423
81	435
81	442
81	448
81	451
81	493
81	550
81	565
81	576
81	577
82	291
83	78
83	83
83	128
83	157
83	218
83	240
83	388
83	451
83	454
83	493
83	550
84	128
85	65
85	78
85	112
85	128
85	133
85	156
85	218
85	257
85	356
86	307
87	307
88	14
88	42
88	65
88	218
88	219
88	268
88	346
88	389
88	425
88	451
88	482
88	550
89	14
89	65
89	78
89	127
89	218
89	219
89	268
89	346
89	348
89	389
89	425
89	451
89	454
89	482
89	485
89	550
90	305
90	448
90	451
90	576
91	414
92	550
92	577
93	85
94	85
95	189
95	458
96	78
96	128
96	307
96	458
97	119
97	128
97	382
97	488
98	47
98	64
98	65
98	78
98	128
98	218
98	348
98	360
98	382
98	528
98	550
98	565
99	47
99	64
99	65
99	78
99	85
99	128
99	189
99	219
99	245
99	348
99	360
99	382
99	451
99	528
99	550
99	565
100	60
100	65
100	78
100	83
100	85
100	92
100	101
100	127
100	128
100	182
100	234
100	307
100	458
100	484
100	493
100	577
101	85
101	288
101	307
101	365
101	414
102	128
102	550
103	523
104	119
104	550
105	92
105	286
106	128
107	78
107	128
107	493
107	550
108	78
108	127
108	128
108	348
108	375
108	493
108	550
108	577
109	20
109	34
109	348
110	78
110	451
110	493
110	513
111	78
111	448
111	482
111	493
112	9
112	290
113	9
113	290
114	9
114	290
115	9
115	290
116	9
116	290
117	9
117	290
118	9
118	290
119	9
119	290
120	65
120	78
120	96
120	128
120	425
120	550
121	83
122	218
123	78
124	65
124	99
124	128
124	278
124	343
124	451
124	493
125	10
125	11
125	16
125	20
125	65
125	78
125	83
125	96
125	127
125	128
125	134
125	155
125	157
125	186
125	189
125	195
125	208
125	218
125	219
125	240
125	245
125	257
125	259
125	260
125	262
125	278
125	300
125	305
125	307
125	319
125	322
125	323
125	324
125	337
125	348
125	360
125	385
125	388
125	392
125	404
125	412
125	414
125	425
125	435
125	442
125	451
125	454
125	467
125	482
125	492
125	493
125	494
125	519
125	544
125	550
125	565
125	576
125	577
126	16
126	65
126	67
126	78
126	85
126	113
126	128
126	155
126	158
126	162
126	178
126	189
126	205
126	206
126	218
126	219
126	240
126	245
126	278
126	291
126	298
126	323
126	348
126	350
126	351
126	375
126	382
126	388
126	435
126	448
126	451
126	454
126	476
126	482
126	493
126	499
126	526
126	528
126	550
126	574
126	576
127	11
127	14
127	16
127	39
127	43
127	46
127	47
127	57
127	61
127	65
127	78
127	83
127	97
127	103
127	108
127	119
127	123
127	127
127	128
127	145
127	147
127	157
127	175
127	184
127	186
127	187
127	195
127	218
127	219
127	227
127	234
127	245
127	257
127	269
127	277
127	286
127	291
127	292
127	298
127	299
127	319
127	340
127	343
127	348
127	375
127	380
127	389
127	392
127	393
127	404
127	414
127	421
127	425
127	426
127	435
127	442
127	448
127	451
127	454
127	460
127	462
127	466
127	476
127	487
127	493
127	497
127	517
127	526
127	531
127	550
127	552
127	553
127	555
127	570
127	573
127	575
127	577
127	591
127	592
128	189
129	65
129	348
130	482
131	5
131	11
131	29
131	33
131	42
131	43
131	44
131	65
131	84
131	91
131	95
131	97
131	128
131	167
131	189
131	240
131	245
131	246
131	277
131	279
131	307
131	337
131	344
131	348
131	396
131	398
131	404
131	414
131	446
131	448
131	451
131	493
131	497
131	511
131	552
131	576
132	5
132	11
132	29
132	33
132	42
132	43
132	44
132	65
132	91
132	95
132	97
132	128
132	167
132	189
132	240
132	245
132	246
132	277
132	279
132	307
132	337
132	344
132	375
132	396
132	398
132	404
132	414
132	446
132	448
132	451
132	493
132	497
132	550
132	552
132	576
133	5
133	43
133	44
133	65
133	78
133	83
133	85
133	91
133	92
133	97
133	127
133	128
133	157
133	164
133	211
133	218
133	219
133	245
133	277
133	279
133	288
133	289
133	291
133	297
133	343
133	348
133	356
133	394
133	396
133	404
133	410
133	414
133	448
133	451
133	454
133	460
133	468
133	482
133	493
133	497
133	502
133	506
133	517
133	550
133	557
133	558
133	565
133	576
134	43
134	57
134	63
134	65
134	76
134	78
134	83
134	85
134	123
134	128
134	134
134	162
134	178
134	186
134	187
134	205
134	218
134	219
134	240
134	245
134	259
134	288
134	337
134	348
134	351
134	375
134	386
134	404
134	415
134	422
134	448
134	451
134	454
134	460
134	493
134	497
134	498
134	550
135	499
135	576
136	11
136	65
136	78
136	83
136	85
136	128
136	179
136	185
136	219
136	245
136	348
136	356
136	374
136	414
136	550
137	11
137	65
137	78
137	83
137	85
137	128
137	179
137	185
137	219
137	245
137	348
137	356
137	374
137	414
137	550
138	43
138	62
138	63
138	65
138	77
138	78
138	83
138	92
138	127
138	128
138	178
138	179
138	189
138	218
138	219
138	277
138	279
138	335
138	348
138	356
138	360
138	374
138	375
138	384
138	388
138	414
138	448
138	451
138	454
138	460
138	482
138	493
138	502
138	509
138	550
138	571
138	576
138	577
139	14
139	16
139	43
139	78
139	83
139	219
139	245
139	259
139	303
139	348
139	395
139	422
139	451
139	482
139	492
139	544
139	550
139	571
140	42
140	78
140	83
140	85
140	219
140	240
140	315
140	323
140	348
140	356
140	375
140	413
140	414
140	425
140	451
140	565
140	576
141	42
141	78
141	83
141	85
141	219
141	240
141	315
141	323
141	348
141	356
141	375
141	413
141	414
141	425
141	451
141	457
141	565
141	576
142	11
142	14
142	39
142	53
142	65
142	68
142	73
142	78
142	83
142	85
142	128
142	186
142	218
142	219
142	245
142	315
142	323
142	324
142	338
142	348
142	356
142	374
142	384
142	388
142	399
142	405
142	414
142	426
142	442
142	446
142	451
142	454
142	459
142	493
142	497
142	502
142	550
142	576
142	577
143	7
143	34
143	36
143	39
143	46
143	47
143	56
143	65
143	73
143	76
143	78
143	83
143	97
143	99
143	116
143	127
143	128
143	189
143	195
143	219
143	224
143	238
143	246
143	265
143	286
143	295
143	322
143	348
143	382
143	388
143	389
143	392
143	399
143	414
143	442
143	446
143	448
143	451
143	499
143	509
143	517
143	544
143	550
143	563
143	573
143	576
143	577
144	8
144	16
144	20
144	31
144	50
144	52
144	56
144	58
144	65
144	67
144	75
144	77
144	78
144	83
144	84
144	85
144	112
144	115
144	118
144	127
144	128
144	177
144	178
144	179
144	189
144	219
144	240
144	249
144	257
144	267
144	272
144	306
144	343
144	348
144	349
144	375
144	389
144	405
144	414
144	419
144	425
144	442
144	448
144	451
144	454
144	460
144	476
144	493
144	496
144	502
144	520
144	550
144	565
144	571
144	576
144	577
145	7
145	10
145	14
145	20
145	32
145	34
145	39
145	41
145	43
145	44
145	48
145	61
145	62
145	65
145	69
145	78
145	83
145	85
145	88
145	94
145	124
145	127
145	128
145	134
145	139
145	152
145	157
145	178
145	179
145	184
145	198
145	206
145	211
145	218
145	219
145	225
145	226
145	240
145	245
145	259
145	267
145	279
145	282
145	285
145	291
145	303
145	305
145	315
145	316
145	322
145	324
145	326
145	328
145	343
145	346
145	348
145	349
145	351
145	355
145	356
145	359
145	360
145	365
145	370
145	373
145	375
145	382
145	389
145	405
145	414
145	448
145	451
145	454
145	462
145	466
145	468
145	471
145	482
145	483
145	484
145	492
145	494
145	506
145	509
145	521
145	528
145	544
145	550
145	565
145	576
145	577
145	585
145	591
146	11
146	14
146	20
146	27
146	41
146	43
146	52
146	65
146	69
146	72
146	78
146	83
146	84
146	85
146	95
146	97
146	107
146	118
146	125
146	127
146	128
146	139
146	152
146	155
146	157
146	178
146	179
146	181
146	187
146	189
146	190
146	198
146	200
146	208
146	211
146	217
146	218
146	219
146	238
146	240
146	244
146	245
146	248
146	259
146	264
146	265
146	273
146	277
146	278
146	286
146	291
146	297
146	305
146	315
146	319
146	324
146	333
146	334
146	343
146	348
146	355
146	356
146	357
146	374
146	375
146	382
146	392
146	396
146	403
146	404
146	414
146	425
146	435
146	436
146	448
146	451
146	454
146	468
146	476
146	478
146	480
146	484
146	485
146	486
146	493
146	494
146	496
146	502
146	514
146	515
146	531
146	542
146	550
146	571
146	576
146	577
146	592
147	14
147	16
147	17
147	33
147	43
147	44
147	65
147	66
147	78
147	83
147	85
147	97
147	112
147	128
147	134
147	152
147	157
147	160
147	184
147	189
147	191
147	217
147	218
147	268
147	293
147	299
147	307
147	315
147	322
147	337
147	348
147	355
147	360
147	374
147	375
147	382
147	383
147	394
147	404
147	405
147	413
147	414
147	426
147	434
147	446
147	448
147	482
147	490
147	492
147	493
147	503
147	517
147	526
147	543
147	550
147	564
147	565
147	574
147	576
148	6
148	11
148	18
148	20
148	27
148	28
148	33
148	41
148	43
148	52
148	56
148	63
148	65
148	69
148	73
148	77
148	78
148	83
148	84
148	85
148	94
148	95
148	97
148	98
148	112
148	115
148	118
148	120
148	125
148	127
148	128
148	134
148	155
148	157
148	164
148	178
148	179
148	184
148	187
148	189
148	190
148	200
148	208
148	211
148	217
148	218
148	219
148	240
148	245
148	259
148	264
148	265
148	273
148	277
148	278
148	288
148	291
148	297
148	298
148	300
148	307
148	315
148	322
148	324
148	334
148	337
148	348
148	349
148	350
148	357
148	374
148	375
148	377
148	388
148	389
148	392
148	399
148	403
148	404
148	413
148	414
148	422
148	425
148	435
148	436
148	442
148	444
148	447
148	448
148	451
148	454
148	458
148	476
148	479
148	480
148	493
148	494
148	502
148	503
148	509
148	522
148	528
148	531
148	541
148	542
148	543
148	544
148	550
148	552
148	561
148	565
148	571
148	576
148	577
148	584
148	586
148	591
148	592
149	78
150	65
151	5
151	7
151	11
151	12
151	14
151	16
151	20
151	28
151	36
151	37
151	38
151	39
151	41
151	42
151	43
151	44
151	46
151	47
151	48
151	49
151	53
151	60
151	61
151	63
151	65
151	69
151	73
151	78
151	83
151	85
151	96
151	97
151	98
151	104
151	111
151	112
151	125
151	127
151	128
151	134
151	135
151	136
151	138
151	139
151	141
151	153
151	155
151	156
151	157
151	162
151	164
151	166
151	168
151	174
151	178
151	183
151	184
151	186
151	187
151	189
151	211
151	214
151	218
151	221
151	222
151	224
151	226
151	228
151	229
151	234
151	240
151	245
151	246
151	253
151	257
151	258
151	259
151	260
151	265
151	267
151	269
151	276
151	277
151	278
151	284
151	286
151	291
151	292
151	293
151	297
151	301
151	303
151	304
151	305
151	312
151	315
151	319
151	322
151	324
151	326
151	331
151	332
151	336
151	337
151	339
151	343
151	347
151	348
151	349
151	350
151	351
151	356
151	357
151	360
151	365
151	369
151	370
151	374
151	375
151	378
151	382
151	385
151	388
151	389
151	392
151	395
151	399
151	401
151	403
151	404
151	405
151	406
151	413
151	414
151	426
151	435
151	441
151	442
151	451
151	454
151	458
151	466
151	467
151	469
151	477
151	479
151	482
151	484
151	485
151	487
151	491
151	493
151	494
151	495
151	497
151	500
151	501
151	503
151	514
151	519
151	523
151	528
151	531
151	538
151	540
151	544
151	547
151	549
151	550
151	552
151	561
151	564
151	565
151	570
151	573
151	574
151	576
151	577
151	580
151	581
152	6
152	9
152	16
152	18
152	20
152	31
152	40
152	41
152	43
152	44
152	47
152	61
152	65
152	67
152	78
152	83
152	85
152	112
152	124
152	125
152	128
152	155
152	164
152	177
152	178
152	181
152	184
152	189
152	208
152	211
152	218
152	219
152	234
152	240
152	267
152	277
152	291
152	292
152	319
152	320
152	324
152	332
152	339
152	348
152	360
152	365
152	375
152	380
152	389
152	392
152	407
152	410
152	414
152	425
152	434
152	435
152	442
152	445
152	448
152	449
152	451
152	454
152	460
152	466
152	493
152	494
152	497
152	524
152	525
152	526
152	528
152	531
152	538
152	550
152	552
152	564
152	565
152	573
152	576
152	577
153	65
153	502
154	65
154	78
154	360
154	460
154	574
155	9
155	11
155	14
155	16
155	26
155	31
155	41
155	65
155	78
155	83
155	84
155	85
155	112
155	116
155	127
155	128
155	156
155	158
155	178
155	179
155	189
155	211
155	218
155	219
155	221
155	238
155	245
155	248
155	259
155	265
155	269
155	291
155	293
155	300
155	319
155	324
155	348
155	349
155	350
155	374
155	375
155	388
155	392
155	395
155	409
155	414
155	435
155	442
155	446
155	448
155	451
155	454
155	457
155	484
155	493
155	503
155	538
155	540
155	550
155	562
155	565
155	576
155	577
156	9
156	14
156	16
156	26
156	41
156	47
156	65
156	78
156	83
156	128
156	178
156	191
156	221
156	222
156	288
156	306
156	322
156	343
156	348
156	363
156	375
156	451
156	454
156	503
156	524
156	550
156	576
156	577
156	591
157	39
157	42
157	65
157	78
157	83
157	85
157	88
157	104
157	106
157	116
157	128
157	134
157	139
157	155
157	156
157	211
157	217
157	218
157	219
157	226
157	235
157	240
157	252
157	257
157	259
157	291
157	324
157	348
157	375
157	388
157	404
157	413
157	414
157	434
157	441
157	442
157	451
157	482
157	484
157	493
157	497
157	499
157	514
157	523
157	550
157	565
157	574
157	576
157	577
158	4
158	6
158	9
158	18
158	39
158	42
158	43
158	44
158	48
158	61
158	62
158	65
158	67
158	69
158	70
158	78
158	83
158	85
158	91
158	95
158	97
158	107
158	112
158	127
158	128
158	154
158	156
158	157
158	162
158	164
158	179
158	181
158	189
158	198
158	219
158	225
158	226
158	234
158	245
158	246
158	252
158	257
158	259
158	265
158	269
158	277
158	279
158	284
158	286
158	288
158	291
158	292
158	293
158	298
158	305
158	315
158	319
158	322
158	323
158	324
158	328
158	347
158	348
158	349
158	350
158	351
158	356
158	357
158	360
158	361
158	366
158	369
158	370
158	371
158	375
158	382
158	388
158	389
158	399
158	404
158	414
158	422
158	434
158	435
158	442
158	446
158	448
158	451
158	454
158	458
158	476
158	480
158	484
158	493
158	494
158	497
158	498
158	503
158	507
158	519
158	522
158	528
158	531
158	538
158	539
158	542
158	546
158	550
158	552
158	562
158	565
158	573
158	576
158	577
159	6
159	14
159	16
159	17
159	40
159	65
159	77
159	78
159	83
159	85
159	97
159	107
159	189
159	206
159	218
159	248
159	257
159	258
159	319
159	350
159	375
159	392
159	413
159	414
159	451
159	460
159	493
159	550
159	565
160	16
160	65
160	83
160	85
160	413
160	493
160	550
160	565
161	26
161	41
161	43
161	65
161	72
161	77
161	78
161	83
161	112
161	127
161	128
161	164
161	178
161	211
161	218
161	219
161	252
161	307
161	310
161	339
161	348
161	349
161	388
161	414
161	425
161	448
161	450
161	451
161	454
161	482
161	493
161	538
161	550
161	571
161	576
161	577
162	14
162	178
162	218
162	374
162	414
162	493
162	502
163	14
163	65
163	178
163	218
163	374
163	375
163	414
163	451
163	493
163	502
164	414
165	51
165	78
165	83
165	85
165	128
165	134
165	218
165	219
165	228
165	324
165	348
165	392
165	422
165	493
165	499
165	517
165	550
165	565
166	3
166	5
166	7
166	9
166	11
166	14
166	16
166	18
166	20
166	21
166	28
166	32
166	36
166	39
166	41
166	42
166	43
166	44
166	48
166	53
166	55
166	61
166	62
166	65
166	69
166	72
166	77
166	78
166	82
166	83
166	84
166	85
166	88
166	91
166	92
166	94
166	97
166	103
166	107
166	112
166	116
166	118
166	120
166	124
166	125
166	127
166	128
166	129
166	134
166	139
166	141
166	143
166	146
166	147
166	151
166	152
166	155
166	156
166	157
166	162
166	168
166	173
166	174
166	175
166	178
166	186
166	187
166	189
166	210
166	211
166	213
166	218
166	219
166	221
166	222
166	226
166	229
166	234
166	240
166	244
166	245
166	248
166	252
166	257
166	258
166	259
166	260
166	268
166	276
166	277
166	279
166	280
166	282
166	284
166	286
166	287
166	288
166	290
166	291
166	292
166	293
166	295
166	299
166	303
166	304
166	306
166	307
166	315
166	316
166	319
166	322
166	324
166	328
166	331
166	332
166	334
166	337
166	340
166	343
166	348
166	349
166	350
166	354
166	356
166	357
166	358
166	360
166	361
166	363
166	365
166	366
166	369
166	370
166	371
166	375
166	382
166	386
166	388
166	389
166	392
166	395
166	402
166	403
166	404
166	407
166	412
166	413
166	414
166	418
166	422
166	434
166	435
166	442
166	448
166	451
166	454
166	455
166	458
166	462
166	466
166	467
166	469
166	477
166	479
166	480
166	481
166	482
166	484
166	487
166	493
166	494
166	497
166	502
166	503
166	505
166	514
166	523
166	528
166	531
166	534
166	538
166	542
166	544
166	547
166	550
166	552
166	560
166	565
166	566
166	570
166	571
166	573
166	574
166	576
166	577
166	586
166	588
166	591
167	5
167	14
167	16
167	28
167	36
167	38
167	39
167	41
167	42
167	47
167	65
167	69
167	78
167	83
167	84
167	85
167	100
167	127
167	128
167	155
167	157
167	159
167	164
167	179
167	185
167	186
167	189
167	218
167	219
167	240
167	247
167	252
167	257
167	258
167	284
167	286
167	291
167	295
167	299
167	306
167	307
167	315
167	316
167	319
167	322
167	324
167	326
167	339
167	348
167	356
167	357
167	358
167	359
167	362
167	369
167	375
167	382
167	383
167	388
167	389
167	394
167	399
167	403
167	406
167	414
167	420
167	425
167	437
167	442
167	448
167	454
167	458
167	476
167	478
167	484
167	490
167	493
167	497
167	503
167	509
167	517
167	526
167	531
167	550
167	571
167	572
167	576
167	577
167	582
168	5
168	11
168	14
168	16
168	20
168	24
168	42
168	44
168	47
168	52
168	57
168	61
168	65
168	78
168	83
168	94
168	96
168	97
168	127
168	128
168	134
168	157
168	162
168	174
168	179
168	195
168	218
168	219
168	245
168	259
168	291
168	293
168	305
168	309
168	319
168	324
168	326
168	341
168	343
168	348
168	349
168	362
168	375
168	389
168	399
168	406
168	414
168	450
168	451
168	454
168	470
168	476
168	493
168	503
168	509
168	519
168	526
168	544
168	550
168	568
168	571
168	576
168	577
169	7
169	11
169	39
169	48
169	65
169	78
169	83
169	85
169	92
169	127
169	128
169	139
169	196
169	218
169	219
169	245
169	252
169	259
169	268
169	307
169	315
169	316
169	319
169	324
169	326
169	328
169	341
169	356
169	357
169	362
169	375
169	388
169	389
169	403
169	414
169	437
169	448
169	451
169	454
169	460
169	476
169	480
169	484
169	493
169	502
169	509
169	531
169	544
169	550
169	572
169	576
170	7
170	11
170	14
170	39
170	48
170	65
170	78
170	83
170	85
170	127
170	128
170	139
170	196
170	218
170	219
170	245
170	259
170	268
170	307
170	315
170	319
170	328
170	341
170	356
170	375
170	388
170	403
170	414
170	437
170	448
170	451
170	454
170	460
170	476
170	480
170	493
170	502
170	509
170	531
170	544
170	550
170	572
170	576
170	577
171	9
171	11
171	14
171	20
171	39
171	43
171	44
171	50
171	64
171	65
171	67
171	69
171	72
171	73
171	78
171	83
171	84
171	85
171	91
171	97
171	101
171	112
171	127
171	128
171	134
171	141
171	155
171	157
171	175
171	179
171	185
171	186
171	211
171	212
171	218
171	219
171	226
171	234
171	245
171	251
171	252
171	259
171	260
171	265
171	268
171	276
171	277
171	278
171	281
171	284
171	289
171	291
171	293
171	295
171	304
171	305
171	306
171	314
171	315
171	316
171	319
171	320
171	322
171	323
171	324
171	328
171	337
171	339
171	348
171	349
171	356
171	357
171	359
171	360
171	361
171	362
171	363
171	365
171	367
171	369
171	374
171	375
171	388
171	389
171	398
171	403
171	404
171	413
171	414
171	425
171	434
171	435
171	445
171	448
171	451
171	454
171	467
171	476
171	478
171	482
171	484
171	485
171	492
171	493
171	494
171	498
171	502
171	503
171	504
171	509
171	514
171	517
171	520
171	523
171	524
171	526
171	533
171	550
171	552
171	564
171	570
171	571
171	573
171	576
171	577
171	587
172	349
172	357
172	365
172	375
172	388
172	403
172	414
172	442
172	448
172	482
172	552
172	565
172	576
173	40
173	65
173	78
173	83
173	95
173	122
173	128
173	134
173	218
173	219
173	240
173	257
173	291
173	299
173	315
173	319
173	324
173	326
173	337
173	348
173	349
173	356
173	357
173	365
173	375
173	388
173	403
173	414
173	442
173	448
173	470
173	482
173	485
173	517
173	550
173	552
173	576
174	9
174	42
174	47
174	65
174	78
174	95
174	128
174	218
174	219
174	240
174	257
174	291
174	319
174	324
174	326
174	337
174	348
174	374
174	414
174	448
174	454
174	467
174	484
174	485
174	493
174	509
174	526
174	550
174	574
175	9
175	42
175	65
175	78
175	95
175	128
175	218
175	219
175	240
175	257
175	319
175	324
175	326
175	337
175	348
175	374
175	403
175	448
175	454
175	467
175	509
175	526
175	550
175	574
175	576
176	14
176	64
176	65
176	73
176	78
176	112
176	120
176	155
176	159
176	186
176	193
176	218
176	245
176	248
176	259
176	319
176	320
176	324
176	348
176	349
176	368
176	374
176	399
176	403
176	414
176	425
176	448
176	454
176	485
176	493
176	537
176	550
177	47
177	72
177	73
177	78
177	218
177	219
177	240
177	324
177	326
177	374
177	403
177	448
177	451
177	454
177	476
177	493
178	6
178	7
178	16
178	34
178	43
178	45
178	46
178	53
178	63
178	65
178	73
178	75
178	77
178	78
178	83
178	85
178	96
178	107
178	118
178	128
178	157
178	178
178	188
178	195
178	208
178	217
178	218
178	219
178	234
178	243
178	245
178	249
178	258
178	259
178	262
178	268
178	281
178	291
178	299
178	303
178	309
178	317
178	324
178	326
178	343
178	348
178	374
178	375
178	382
178	388
178	404
178	414
178	425
178	434
178	448
178	451
178	452
178	454
178	460
178	468
178	480
178	482
178	484
178	485
178	493
178	506
178	520
178	531
178	536
178	544
178	550
178	565
178	571
178	576
178	577
179	119
179	219
179	305
179	454
179	493
180	322
180	374
180	542
181	7
181	16
181	41
181	42
181	44
181	45
181	65
181	73
181	75
181	77
181	78
181	83
181	84
181	85
181	118
181	128
181	150
181	177
181	178
181	179
181	187
181	188
181	189
181	195
181	218
181	219
181	221
181	228
181	234
181	243
181	249
181	268
181	291
181	303
181	306
181	315
181	339
181	348
181	374
181	375
181	414
181	422
181	425
181	434
181	442
181	448
181	451
181	452
181	454
181	460
181	474
181	493
181	502
181	506
181	508
181	509
181	526
181	550
181	565
181	573
181	576
181	577
182	3
182	32
182	46
182	65
182	78
182	83
182	84
182	85
182	88
182	95
182	100
182	147
182	186
182	217
182	218
182	219
182	246
182	265
182	348
182	351
182	356
182	369
182	384
182	413
182	414
182	448
182	451
182	507
182	550
182	568
182	588
182	589
182	591
183	33
183	41
183	43
183	65
183	78
183	83
183	85
183	88
183	121
183	128
183	131
183	149
183	154
183	155
183	189
183	195
183	219
183	242
183	257
183	259
183	278
183	282
183	302
183	337
183	339
183	348
183	351
183	375
183	399
183	414
183	451
183	476
183	493
183	550
183	552
183	576
184	14
184	16
184	77
184	78
184	83
184	84
184	115
184	128
184	155
184	178
184	219
184	223
184	235
184	245
184	257
184	282
184	292
184	304
184	319
184	324
184	348
184	374
184	375
184	388
184	404
184	414
184	451
184	454
184	472
184	473
184	550
184	576
185	3
185	41
185	65
185	78
185	83
185	96
185	128
185	157
185	208
185	319
185	348
185	451
185	493
185	503
185	514
185	515
185	550
185	576
185	577
186	14
186	39
186	50
186	78
186	97
186	162
186	219
186	286
186	323
186	442
186	482
186	493
186	502
186	517
186	577
187	9
187	14
187	20
187	35
187	39
187	41
187	50
187	58
187	65
187	69
187	73
187	78
187	83
187	127
187	128
187	134
187	141
187	157
187	180
187	218
187	219
187	240
187	245
187	251
187	252
187	257
187	265
187	268
187	280
187	284
187	315
187	316
187	319
187	322
187	323
187	324
187	328
187	337
187	348
187	356
187	357
187	360
187	361
187	362
187	365
187	374
187	375
187	388
187	392
187	394
187	398
187	405
187	413
187	414
187	425
187	435
187	436
187	445
187	448
187	451
187	454
187	478
187	482
187	484
187	487
187	493
187	496
187	499
187	504
187	509
187	514
187	548
187	550
187	570
187	571
187	576
187	577
187	591
188	9
188	65
188	73
188	78
188	127
188	128
188	178
188	211
188	219
188	240
188	245
188	257
188	326
188	348
188	349
188	356
188	375
188	413
188	414
188	479
188	482
188	502
188	550
188	570
189	43
189	48
189	60
189	116
189	218
189	435
189	448
189	591
190	416
190	502
191	65
191	78
191	128
191	377
191	425
191	454
191	493
191	571
192	9
192	14
192	28
192	61
192	62
192	65
192	78
192	83
192	112
192	127
192	128
192	139
192	157
192	179
192	218
192	226
192	235
192	265
192	278
192	288
192	320
192	324
192	343
192	348
192	375
192	389
192	414
192	428
192	448
192	451
192	454
192	476
192	482
192	485
192	493
192	543
192	544
192	550
192	565
192	576
193	128
194	128
194	550
195	65
195	127
195	128
195	162
195	223
196	6
196	11
196	41
196	44
196	52
196	65
196	78
196	83
196	84
196	85
196	88
196	95
196	101
196	107
196	112
196	115
196	118
196	123
196	127
196	128
196	139
196	155
196	156
196	157
196	162
196	189
196	211
196	219
196	225
196	245
196	257
196	258
196	259
196	260
196	262
196	267
196	291
196	293
196	298
196	304
196	306
196	307
196	339
196	348
196	349
196	388
196	395
196	399
196	414
196	419
196	420
196	425
196	434
196	448
196	451
196	454
196	476
196	478
196	486
196	493
196	503
196	509
196	519
196	550
196	574
196	576
197	31
197	44
197	61
197	65
197	78
197	83
197	85
197	88
197	112
197	128
197	178
197	179
197	184
197	189
197	218
197	219
197	223
197	226
197	292
197	324
197	348
197	374
197	375
197	410
197	414
197	420
197	448
197	451
197	493
197	502
197	510
197	526
197	531
197	543
197	550
197	573
197	576
197	590
198	9
198	14
198	44
198	47
198	65
198	77
198	78
198	79
198	83
198	84
198	85
198	107
198	128
198	157
198	178
198	184
198	189
198	218
198	219
198	226
198	240
198	252
198	260
198	291
198	307
198	315
198	320
198	324
198	334
198	356
198	357
198	370
198	374
198	375
198	410
198	414
198	435
198	451
198	454
198	478
198	479
198	486
198	493
198	494
198	528
198	550
198	576
199	11
199	65
199	77
199	128
199	178
199	179
199	341
199	375
199	388
199	451
199	454
199	493
199	503
199	550
199	576
200	11
200	65
200	77
200	128
200	178
200	179
200	341
200	388
200	451
200	454
200	493
200	503
200	550
201	10
201	11
201	14
201	27
201	30
201	31
201	42
201	65
201	78
201	83
201	85
201	95
201	97
201	112
201	125
201	127
201	128
201	157
201	158
201	160
201	164
201	170
201	177
201	179
201	189
201	211
201	218
201	219
201	240
201	245
201	246
201	265
201	267
201	307
201	315
201	319
201	324
201	337
201	348
201	351
201	357
201	375
201	392
201	395
201	404
201	406
201	414
201	448
201	451
201	454
201	460
201	470
201	476
201	482
201	484
201	493
201	497
201	517
201	524
201	526
201	531
201	543
201	544
201	550
201	565
201	568
201	571
201	576
201	577
201	590
201	591
202	11
202	52
202	65
202	78
202	83
202	85
202	104
202	128
202	139
202	189
202	211
202	219
202	245
202	257
202	259
202	268
202	302
202	324
202	348
202	375
202	451
202	454
202	550
202	576
203	2
203	11
203	41
203	44
203	52
203	53
203	65
203	78
203	83
203	94
203	104
203	128
203	134
203	139
203	157
203	178
203	189
203	211
203	219
203	226
203	240
203	244
203	245
203	257
203	258
203	259
203	302
203	319
203	324
203	337
203	343
203	348
203	375
203	385
203	404
203	414
203	441
203	454
203	484
203	493
203	497
203	550
203	574
203	576
203	586
204	7
204	9
204	65
204	83
204	127
204	128
204	139
204	179
204	187
204	189
204	218
204	219
204	234
204	235
204	259
204	315
204	319
204	322
204	324
204	348
204	384
204	403
204	414
204	431
204	433
204	448
204	451
204	454
204	484
204	485
204	488
204	493
204	550
204	573
204	576
204	577
205	42
205	65
205	69
205	78
205	83
205	108
205	127
205	128
205	134
205	157
205	183
205	189
205	199
205	218
205	228
205	240
205	257
205	309
205	338
205	348
205	351
205	360
205	375
205	382
205	388
205	389
205	404
205	434
205	451
205	454
205	482
205	493
205	494
205	497
205	550
205	565
205	576
205	577
206	9
207	239
207	268
207	322
207	348
207	496
208	563
209	4
209	65
209	78
209	83
209	84
209	128
209	134
209	189
209	218
209	348
209	350
209	351
209	360
209	414
209	448
209	454
209	456
209	482
209	493
209	526
209	550
210	32
210	56
210	65
210	78
210	83
210	85
210	91
210	92
210	95
210	97
210	128
210	139
210	142
210	179
210	189
210	245
210	259
210	315
210	337
210	348
210	357
210	375
210	392
210	396
210	414
210	448
210	451
210	454
210	460
210	493
210	497
210	503
210	542
210	550
210	557
210	576
211	19
211	32
211	56
211	65
211	78
211	83
211	85
211	91
211	92
211	95
211	97
211	128
211	139
211	142
211	179
211	189
211	245
211	259
211	278
211	315
211	337
211	357
211	375
211	392
211	396
211	414
211	448
211	451
211	460
211	493
211	503
211	534
211	542
211	550
211	557
211	576
212	44
212	65
212	78
212	83
212	85
212	92
212	95
212	96
212	112
212	118
212	128
212	134
212	178
212	245
212	259
212	265
212	278
212	291
212	315
212	322
212	324
212	348
212	374
212	392
212	414
212	451
212	454
212	459
212	460
212	479
212	492
212	523
212	550
212	565
212	576
213	20
213	39
213	41
213	43
213	44
213	50
213	58
213	64
213	65
213	67
213	69
213	78
213	85
213	91
213	97
213	112
213	124
213	127
213	128
213	155
213	189
213	208
213	211
213	212
213	216
213	217
213	218
213	219
213	226
213	245
213	251
213	252
213	259
213	268
213	269
213	278
213	279
213	280
213	283
213	288
213	289
213	291
213	300
213	305
213	315
213	316
213	318
213	319
213	320
213	322
213	323
213	324
213	328
213	331
213	346
213	348
213	355
213	356
213	357
213	360
213	361
213	362
213	363
213	365
213	370
213	374
213	375
213	388
213	389
213	398
213	414
213	425
213	442
213	445
213	448
213	451
213	454
213	478
213	484
213	493
213	494
213	499
213	502
213	509
213	514
213	531
213	550
213	552
213	554
213	564
213	565
213	570
213	576
213	577
214	9
214	20
214	23
214	39
214	43
214	44
214	50
214	64
214	65
214	67
214	69
214	73
214	78
214	85
214	92
214	97
214	112
214	127
214	128
214	211
214	212
214	218
214	245
214	251
214	252
214	268
214	278
214	289
214	291
214	292
214	315
214	316
214	319
214	320
214	323
214	324
214	328
214	348
214	349
214	356
214	357
214	360
214	361
214	362
214	363
214	365
214	374
214	375
214	388
214	389
214	392
214	398
214	414
214	425
214	448
214	451
214	460
214	467
214	478
214	484
214	493
214	494
214	502
214	509
214	550
214	552
214	564
214	570
214	576
215	9
215	39
215	44
215	50
215	73
215	78
215	127
215	128
215	218
215	245
215	268
215	292
215	315
215	323
215	324
215	328
215	356
215	357
215	361
215	365
215	374
215	392
215	414
215	448
215	460
215	467
215	570
215	574
215	576
216	6
216	14
216	16
216	20
216	52
216	65
216	75
216	77
216	78
216	83
216	85
216	107
216	112
216	118
216	127
216	128
216	155
216	156
216	157
216	162
216	177
216	178
216	179
216	189
216	211
216	219
216	221
216	249
216	257
216	259
216	269
216	279
216	298
216	305
216	306
216	309
216	322
216	337
216	339
216	343
216	348
216	349
216	356
216	375
216	377
216	389
216	414
216	419
216	425
216	434
216	435
216	451
216	454
216	493
216	496
216	509
216	520
216	550
216	564
216	565
216	566
216	571
216	576
216	577
217	6
217	10
217	11
217	20
217	31
217	52
217	55
217	65
217	75
217	77
217	78
217	83
217	84
217	85
217	112
217	115
217	118
217	120
217	124
217	127
217	128
217	139
217	143
217	144
217	155
217	157
217	162
217	164
217	177
217	178
217	179
217	211
217	218
217	219
217	221
217	225
217	226
217	249
217	257
217	259
217	266
217	292
217	337
217	339
217	343
217	348
217	349
217	356
217	375
217	382
217	414
217	419
217	434
217	435
217	448
217	451
217	454
217	467
217	492
217	493
217	496
217	497
217	506
217	520
217	550
217	565
217	568
217	571
217	576
217	577
218	6
218	8
218	11
218	14
218	20
218	41
218	48
218	52
218	65
218	77
218	78
218	83
218	84
218	85
218	97
218	112
218	125
218	127
218	128
218	131
218	139
218	143
218	144
218	155
218	162
218	177
218	178
218	179
218	189
218	211
218	218
218	219
218	240
218	245
218	249
218	257
218	258
218	269
218	292
218	306
218	309
218	339
218	343
218	346
218	348
218	349
218	351
218	356
218	360
218	375
218	386
218	414
218	422
218	448
218	451
218	454
218	476
218	484
218	493
218	499
218	502
218	520
218	550
218	565
218	571
218	574
218	576
219	65
219	78
219	128
219	157
219	179
219	208
219	217
219	348
219	388
219	391
219	414
219	448
219	454
219	482
219	509
219	528
219	550
220	65
220	78
220	85
220	348
220	451
220	493
220	505
220	550
221	65
221	348
221	451
222	6
222	18
222	20
222	31
222	39
222	65
222	77
222	78
222	83
222	85
222	95
222	112
222	118
222	126
222	127
222	128
222	155
222	178
222	187
222	189
222	218
222	219
222	240
222	245
222	257
222	277
222	278
222	288
222	291
222	304
222	305
222	324
222	356
222	357
222	375
222	414
222	421
222	425
222	435
222	442
222	448
222	454
222	476
222	482
222	484
222	493
222	497
222	503
222	506
222	509
222	544
222	550
222	565
222	571
222	574
222	575
222	576
222	577
223	11
223	28
223	43
223	52
223	54
223	65
223	72
223	77
223	78
223	83
223	85
223	87
223	88
223	112
223	118
223	127
223	128
223	153
223	157
223	177
223	178
223	189
223	190
223	217
223	218
223	219
223	240
223	245
223	257
223	265
223	268
223	302
223	307
223	328
223	329
223	348
223	349
223	370
223	375
223	403
223	413
223	414
223	419
223	425
223	446
223	448
223	451
223	454
223	458
223	460
223	478
223	482
223	493
223	513
223	514
223	550
223	556
223	564
223	565
223	571
223	576
223	577
223	592
224	14
224	16
224	41
224	42
224	43
224	45
224	57
224	65
224	67
224	77
224	78
224	83
224	85
224	91
224	115
224	123
224	125
224	128
224	134
224	137
224	153
224	157
224	167
224	173
224	177
224	218
224	245
224	267
224	278
224	279
224	291
224	292
224	299
224	307
224	308
224	319
224	348
224	374
224	375
224	392
224	393
224	394
224	395
224	396
224	397
224	398
224	400
224	404
224	410
224	414
224	448
224	451
224	454
224	476
224	482
224	492
224	493
224	497
224	511
224	520
224	526
224	550
224	554
224	565
224	571
224	573
224	574
224	576
224	577
224	588
225	44
225	65
225	78
225	91
225	95
225	97
225	105
225	128
225	134
225	178
225	180
225	211
225	218
225	245
225	277
225	279
225	288
225	348
225	404
225	405
225	406
225	410
225	550
226	5
226	44
226	78
226	91
226	94
226	95
226	218
226	245
226	264
226	277
226	288
226	351
226	395
226	404
226	407
226	448
226	544
227	6
227	14
227	20
227	23
227	39
227	43
227	44
227	50
227	64
227	65
227	67
227	69
227	72
227	78
227	83
227	85
227	97
227	112
227	115
227	127
227	128
227	155
227	156
227	157
227	158
227	179
227	189
227	208
227	211
227	212
227	218
227	219
227	234
227	251
227	252
227	259
227	268
227	277
227	278
227	289
227	291
227	293
227	305
227	307
227	315
227	316
227	319
227	320
227	322
227	323
227	324
227	327
227	328
227	339
227	347
227	348
227	349
227	356
227	357
227	360
227	361
227	362
227	363
227	365
227	374
227	375
227	388
227	389
227	394
227	398
227	403
227	404
227	413
227	414
227	425
227	434
227	448
227	451
227	454
227	476
227	478
227	482
227	484
227	493
227	494
227	497
227	502
227	503
227	509
227	514
227	517
227	519
227	520
227	539
227	550
227	552
227	564
227	565
227	570
227	571
227	573
227	576
227	577
227	585
228	65
228	78
228	83
228	128
228	157
228	159
228	164
228	175
228	189
228	218
228	219
228	245
228	307
228	346
228	356
228	362
228	375
228	399
228	407
228	414
228	434
228	451
228	470
228	482
228	493
228	503
228	517
228	526
228	544
228	550
228	570
228	573
228	576
228	577
229	5
229	6
229	7
229	11
229	14
229	20
229	28
229	29
229	31
229	34
229	39
229	41
229	42
229	43
229	44
229	46
229	47
229	48
229	49
229	52
229	55
229	56
229	61
229	62
229	64
229	65
229	66
229	67
229	69
229	72
229	73
229	74
229	77
229	78
229	79
229	82
229	83
229	84
229	85
229	87
229	88
229	90
229	91
229	92
229	93
229	94
229	95
229	97
229	104
229	107
229	112
229	114
229	118
229	120
229	124
229	125
229	127
229	128
229	132
229	134
229	139
229	141
229	143
229	145
229	146
229	151
229	152
229	155
229	156
229	157
229	162
229	164
229	166
229	170
229	177
229	178
229	179
229	180
229	182
229	184
229	186
229	187
229	189
229	191
229	197
229	199
229	200
229	202
229	208
229	211
229	217
229	218
229	219
229	220
229	221
229	222
229	225
229	226
229	227
229	229
229	230
229	234
229	238
229	240
229	244
229	245
229	246
229	252
229	257
229	258
229	259
229	262
229	263
229	265
229	268
229	270
229	276
229	277
229	278
229	279
229	282
229	284
229	286
229	288
229	291
229	292
229	298
229	299
229	302
229	304
229	305
229	306
229	307
229	312
229	313
229	315
229	319
229	322
229	323
229	324
229	329
229	331
229	337
229	339
229	343
229	348
229	349
229	350
229	355
229	356
229	357
229	360
229	363
229	365
229	366
229	374
229	375
229	377
229	384
229	388
229	389
229	392
229	395
229	396
229	399
229	403
229	404
229	405
229	406
229	407
229	413
229	414
229	415
229	421
229	424
229	425
229	429
229	431
229	434
229	435
229	439
229	442
229	446
229	448
229	451
229	454
229	456
229	460
229	466
229	467
229	468
229	469
229	471
229	472
229	473
229	475
229	476
229	479
229	480
229	482
229	484
229	491
229	493
229	494
229	497
229	499
229	502
229	503
229	509
229	517
229	522
229	523
229	525
229	528
229	529
229	531
229	534
229	538
229	542
229	543
229	544
229	547
229	550
229	552
229	554
229	565
229	571
229	573
229	574
229	576
229	577
229	578
229	584
229	591
229	592
230	6
230	9
230	10
230	11
230	31
230	39
230	42
230	43
230	63
230	65
230	77
230	78
230	83
230	84
230	85
230	97
230	104
230	112
230	127
230	128
230	156
230	178
230	179
230	184
230	186
230	189
230	209
230	212
230	218
230	219
230	234
230	240
230	245
230	248
230	253
230	258
230	265
230	276
230	278
230	280
230	281
230	282
230	288
230	290
230	291
230	295
230	296
230	299
230	300
230	305
230	306
230	307
230	311
230	315
230	323
230	324
230	343
230	345
230	348
230	349
230	351
230	356
230	375
230	383
230	392
230	399
230	403
230	404
230	414
230	420
230	421
230	424
230	425
230	428
230	435
230	442
230	446
230	448
230	451
230	454
230	474
230	476
230	482
230	484
230	493
230	494
230	496
230	497
230	503
230	520
230	531
230	544
230	550
230	552
230	567
230	571
230	576
230	577
231	6
231	31
231	45
231	78
231	84
231	128
231	164
231	184
231	217
231	219
231	240
231	245
231	305
231	374
231	375
231	414
231	427
231	454
231	496
231	536
231	565
231	571
231	577
232	16
232	78
232	128
232	476
232	516
233	78
234	2
234	11
234	14
234	46
234	47
234	65
234	78
234	83
234	84
234	122
234	145
234	150
234	157
234	184
234	189
234	211
234	218
234	245
234	262
234	268
234	277
234	291
234	299
234	319
234	322
234	339
234	348
234	380
234	425
234	448
234	451
234	454
234	493
234	495
234	499
234	526
234	550
234	551
234	575
234	576
234	577
235	6
235	10
235	19
235	36
235	39
235	58
235	65
235	67
235	78
235	83
235	84
235	91
235	92
235	95
235	96
235	112
235	128
235	134
235	155
235	157
235	162
235	179
235	189
235	219
235	235
235	245
235	246
235	251
235	265
235	269
235	277
235	288
235	305
235	306
235	307
235	319
235	337
235	339
235	343
235	348
235	357
235	360
235	375
235	383
235	388
235	389
235	392
235	394
235	395
235	413
235	414
235	448
235	451
235	454
235	458
235	460
235	493
235	499
235	503
235	507
235	511
235	527
235	531
235	533
235	534
235	550
235	565
235	576
235	577
236	44
236	52
236	65
236	78
236	85
236	127
236	128
236	178
236	211
236	219
236	245
236	257
236	259
236	264
236	267
236	306
236	324
236	348
236	370
236	375
236	388
236	414
236	448
236	451
236	454
236	550
236	576
236	577
237	6
237	41
237	43
237	78
237	112
237	195
237	245
237	286
237	343
237	348
237	375
237	446
237	454
237	455
238	6
238	65
238	78
238	83
238	85
238	112
238	128
238	159
238	195
238	219
238	245
238	348
238	413
238	454
238	455
238	550
239	57
239	65
239	78
239	83
239	85
239	127
239	128
239	218
239	219
239	245
239	267
239	356
239	374
239	375
239	413
239	414
239	451
239	454
239	493
239	526
239	550
239	576
239	577
240	65
240	78
240	83
240	85
240	127
240	128
240	218
240	219
240	245
240	348
240	356
240	374
240	375
240	413
240	414
240	454
240	550
240	565
240	576
240	577
241	16
241	20
241	27
241	31
241	34
241	39
241	41
241	42
241	43
241	65
241	78
241	83
241	85
241	97
241	112
241	127
241	128
241	134
241	157
241	172
241	178
241	179
241	189
241	217
241	218
241	228
241	245
241	257
241	269
241	276
241	277
241	278
241	291
241	300
241	319
241	320
241	322
241	324
241	337
241	343
241	348
241	349
241	356
241	357
241	374
241	375
241	389
241	392
241	403
241	404
241	414
241	430
241	434
241	448
241	451
241	454
241	455
241	457
241	460
241	482
241	484
241	490
241	492
241	493
241	511
241	522
241	526
241	531
241	550
241	552
241	565
241	577
242	13
242	16
242	20
242	39
242	41
242	42
242	43
242	46
242	58
242	64
242	65
242	78
242	83
242	84
242	85
242	88
242	91
242	93
242	97
242	98
242	107
242	112
242	114
242	118
242	127
242	128
242	134
242	155
242	157
242	165
242	177
242	179
242	186
242	188
242	189
242	211
242	212
242	218
242	219
242	234
242	240
242	245
242	246
242	252
242	257
242	259
242	261
242	265
242	272
242	277
242	279
242	286
242	288
242	291
242	292
242	298
242	299
242	307
242	315
242	319
242	320
242	322
242	324
242	337
242	341
242	342
242	343
242	348
242	349
242	350
242	356
242	360
242	364
242	371
242	374
242	375
242	382
242	384
242	388
242	392
242	395
242	403
242	406
242	407
242	410
242	414
242	415
242	422
242	425
242	434
242	435
242	448
242	451
242	454
242	460
242	471
242	480
242	484
242	485
242	493
242	499
242	502
242	503
242	505
242	509
242	512
242	517
242	519
242	523
242	543
242	545
242	550
242	552
242	559
242	565
242	571
242	575
242	576
242	585
243	11
243	14
243	20
243	39
243	43
243	55
243	56
243	64
243	65
243	72
243	78
243	83
243	84
243	85
243	88
243	91
243	95
243	97
243	98
243	112
243	116
243	120
243	127
243	128
243	134
243	155
243	157
243	158
243	170
243	177
243	178
243	179
243	184
243	186
243	188
243	211
243	212
243	218
243	219
243	234
243	245
243	246
243	252
243	259
243	260
243	261
243	265
243	277
243	291
243	295
243	299
243	319
243	322
243	324
243	337
243	343
243	348
243	356
243	360
243	364
243	371
243	374
243	375
243	382
243	388
243	392
243	395
243	403
243	407
243	414
243	415
243	425
243	434
243	435
243	442
243	451
243	454
243	459
243	468
243	472
243	473
243	480
243	482
243	483
243	484
243	491
243	493
243	509
243	519
243	523
243	536
243	543
243	550
243	565
243	571
243	576
243	577
243	584
244	2
244	4
244	5
244	16
244	18
244	28
244	32
244	39
244	41
244	42
244	43
244	44
244	48
244	52
244	62
244	65
244	77
244	78
244	83
244	84
244	88
244	97
244	107
244	117
244	118
244	127
244	128
244	134
244	139
244	145
244	152
244	155
244	157
244	175
244	179
244	184
244	186
244	189
244	200
244	211
244	216
244	218
244	219
244	234
244	240
244	245
244	248
244	252
244	254
244	257
244	260
244	264
244	265
244	277
244	278
244	279
244	286
244	291
244	292
244	298
244	300
244	305
244	315
244	319
244	320
244	324
244	326
244	328
244	339
244	341
244	343
244	347
244	348
244	349
244	350
244	351
244	352
244	355
244	360
244	362
244	363
244	365
244	370
244	371
244	372
244	374
244	375
244	381
244	384
244	388
244	389
244	392
244	395
244	402
244	404
244	407
244	413
244	414
244	435
244	442
244	443
244	448
244	451
244	454
244	462
244	466
244	471
244	472
244	473
244	478
244	479
244	480
244	482
244	484
244	485
244	488
244	493
244	494
244	501
244	503
244	514
244	524
244	525
244	531
244	538
244	543
244	544
244	550
244	571
244	573
244	574
244	576
244	577
244	591
245	5
245	41
245	63
245	65
245	78
245	83
245	84
245	85
245	112
245	127
245	128
245	134
245	216
245	218
245	219
245	229
245	258
245	259
245	260
245	265
245	292
245	322
245	324
245	337
245	343
245	348
245	349
245	356
245	357
245	360
245	374
245	375
245	377
245	414
245	448
245	451
245	454
245	482
245	493
245	514
245	515
245	538
245	550
245	565
245	576
245	577
246	85
246	315
246	389
247	65
248	3
248	16
248	20
248	32
248	39
248	42
248	43
248	44
248	47
248	62
248	65
248	69
248	77
248	78
248	83
248	84
248	95
248	97
248	110
248	127
248	128
248	134
248	139
248	156
248	157
248	179
248	186
248	192
248	211
248	219
248	227
248	245
248	246
248	259
248	269
248	278
248	279
248	280
248	281
248	299
248	307
248	315
248	318
248	322
248	323
248	324
248	337
248	343
248	348
248	351
248	360
248	369
248	375
248	388
248	389
248	392
248	395
248	403
248	404
248	414
248	442
248	448
248	451
248	454
248	467
248	476
248	479
248	493
248	497
248	526
248	531
248	543
248	544
248	550
248	576
248	591
249	11
249	41
249	43
249	47
249	65
249	70
249	72
249	78
249	83
249	84
249	85
249	95
249	115
249	127
249	128
249	141
249	156
249	157
249	160
249	162
249	178
249	179
249	218
249	219
249	245
249	252
249	257
249	259
249	268
249	278
249	291
249	297
249	306
249	319
249	324
249	337
249	356
249	375
249	388
249	410
249	414
249	422
249	446
249	451
249	452
249	454
249	476
249	479
249	492
249	493
249	517
249	531
249	540
249	550
249	565
249	576
249	577
249	591
250	78
250	162
250	493
251	65
251	78
251	84
251	95
251	127
251	157
251	219
251	245
251	259
251	268
251	291
251	297
251	307
251	319
251	324
251	343
251	348
251	356
251	375
251	388
251	404
251	414
251	448
251	454
251	482
251	493
251	509
251	526
251	550
251	569
251	576
252	20
252	65
252	78
252	95
252	127
252	157
252	219
252	245
252	246
252	259
252	268
252	291
252	307
252	343
252	348
252	404
252	414
252	448
252	454
252	482
252	509
252	526
252	550
253	3
253	9
253	42
253	44
253	52
253	53
253	64
253	65
253	78
253	82
253	83
253	112
253	118
253	127
253	128
253	134
253	162
253	177
253	180
253	189
253	211
253	218
253	219
253	245
253	257
253	278
253	291
253	324
253	348
253	349
253	365
253	368
253	375
253	379
253	388
253	397
253	414
253	425
253	448
253	450
253	451
253	454
253	470
253	479
253	482
253	484
253	493
253	509
253	543
253	550
253	565
253	577
254	448
254	526
255	14
255	30
255	31
255	65
255	78
255	85
255	103
255	112
255	128
255	189
255	218
255	245
255	246
255	257
255	279
255	324
255	348
255	356
255	362
255	365
255	375
255	387
255	413
255	454
255	460
255	476
255	482
255	493
255	550
256	14
256	30
256	31
256	65
256	78
256	85
256	103
256	112
256	128
256	189
256	218
256	245
256	246
256	279
256	324
256	348
256	356
256	362
256	365
256	375
256	387
256	413
256	454
256	460
256	476
256	482
256	493
257	9
257	14
257	16
257	17
257	39
257	43
257	44
257	65
257	71
257	78
257	83
257	85
257	112
257	125
257	128
257	155
257	157
257	170
257	219
257	226
257	240
257	245
257	257
257	259
257	277
257	279
257	288
257	299
257	305
257	331
257	332
257	348
257	357
257	363
257	365
257	375
257	414
257	435
257	442
257	448
257	454
257	470
257	480
257	482
257	493
257	494
257	499
257	505
257	526
257	543
257	550
257	552
257	576
257	577
258	3
258	7
258	9
258	14
258	20
258	32
258	39
258	42
258	47
258	65
258	78
258	83
258	84
258	85
258	92
258	103
258	107
258	127
258	128
258	155
258	157
258	158
258	162
258	168
258	178
258	183
258	189
258	208
258	217
258	218
258	219
258	227
258	234
258	244
258	245
258	246
258	257
258	259
258	277
258	278
258	295
258	306
258	307
258	315
258	318
258	324
258	339
258	348
258	358
258	365
258	370
258	389
258	414
258	434
258	435
258	442
258	446
258	448
258	451
258	454
258	458
258	479
258	482
258	493
258	502
258	503
258	511
258	531
258	550
258	565
258	571
258	576
258	577
258	584
259	4
259	9
259	16
259	20
259	40
259	43
259	44
259	61
259	62
259	65
259	78
259	83
259	95
259	97
259	115
259	128
259	140
259	141
259	157
259	162
259	164
259	168
259	178
259	179
259	189
259	218
259	219
259	240
259	244
259	259
259	276
259	278
259	291
259	307
259	315
259	319
259	323
259	324
259	331
259	337
259	343
259	348
259	356
259	375
259	382
259	386
259	388
259	389
259	414
259	425
259	434
259	435
259	442
259	451
259	454
259	470
259	479
259	493
259	499
259	505
259	550
259	552
259	571
259	573
259	576
259	577
260	11
260	16
260	20
260	21
260	41
260	78
260	128
260	157
260	164
260	189
260	212
260	226
260	234
260	245
260	248
260	259
260	268
260	299
260	319
260	327
260	357
260	360
260	388
260	392
260	414
260	422
260	460
260	470
260	497
260	542
260	550
260	576
261	73
261	97
261	116
261	162
261	577
262	32
262	134
262	284
262	484
263	14
263	39
263	43
263	60
263	64
263	65
263	78
263	83
263	127
263	189
263	218
263	219
263	245
263	259
263	260
263	277
263	307
263	351
263	360
263	375
263	414
263	433
263	451
263	454
263	482
263	493
263	550
263	573
263	576
263	577
264	88
264	128
264	218
264	245
264	493
264	531
265	39
265	65
265	78
265	103
265	186
265	322
265	462
265	552
266	65
266	78
266	157
266	218
266	245
266	322
266	324
266	338
266	348
266	392
266	414
266	460
266	493
266	517
266	538
266	550
267	3
267	4
267	14
267	20
267	29
267	39
267	43
267	44
267	48
267	55
267	65
267	67
267	69
267	78
267	83
267	88
267	91
267	92
267	95
267	112
267	125
267	127
267	128
267	139
267	155
267	157
267	162
267	164
267	177
267	180
267	185
267	195
267	217
267	218
267	219
267	222
267	223
267	234
267	245
267	247
267	257
267	259
267	277
267	278
267	282
267	291
267	293
267	295
267	298
267	304
267	309
267	315
267	319
267	320
267	324
267	325
267	332
267	337
267	339
267	343
267	348
267	357
267	363
267	368
267	369
267	375
267	383
267	384
267	388
267	389
267	396
267	404
267	406
267	414
267	424
267	425
267	434
267	448
267	451
267	454
267	455
267	460
267	482
267	484
267	485
267	490
267	493
267	503
267	509
267	511
267	518
267	526
267	527
267	528
267	535
267	537
267	542
267	543
267	544
267	545
267	547
267	550
267	574
267	576
267	577
267	585
268	4
268	14
268	29
268	43
268	55
268	65
268	78
268	83
268	127
268	162
268	184
268	218
268	245
268	259
268	299
268	304
268	319
268	324
268	325
268	337
268	339
268	348
268	349
268	357
268	375
268	388
268	389
268	396
268	404
268	410
268	414
268	421
268	448
268	451
268	454
268	460
268	482
268	485
268	493
268	509
268	511
268	526
268	528
268	542
268	576
269	14
269	29
269	43
269	65
269	78
269	83
269	84
269	155
269	162
269	184
269	218
269	259
269	297
269	299
269	304
269	319
269	324
269	325
269	337
269	339
269	348
269	349
269	357
269	375
269	388
269	389
269	396
269	404
269	410
269	414
269	421
269	448
269	451
269	460
269	482
269	485
269	493
269	509
269	511
269	528
269	542
270	14
270	29
270	41
270	43
270	55
270	61
270	65
270	69
270	73
270	76
270	78
270	83
270	85
270	92
270	95
270	128
270	155
270	162
270	178
270	179
270	189
270	217
270	218
270	219
270	240
270	257
270	259
270	274
270	282
270	293
270	304
270	305
270	309
270	319
270	337
270	342
270	343
270	348
270	349
270	356
270	357
270	363
270	377
270	384
270	389
270	392
270	396
270	410
270	413
270	414
270	424
270	434
270	435
270	448
270	451
270	454
270	460
270	485
270	493
270	499
270	505
270	509
270	511
270	517
270	526
270	550
270	576
270	577
271	62
271	78
271	219
271	245
271	348
271	414
271	448
271	451
271	476
271	550
271	576
272	11
272	14
272	19
272	31
272	48
272	65
272	78
272	84
272	128
272	139
272	146
272	155
272	186
272	189
272	348
272	375
272	388
272	414
272	448
272	454
272	460
272	467
272	482
272	493
272	517
272	550
273	7
273	11
273	65
273	127
273	155
273	324
273	348
273	375
273	414
273	454
273	493
273	517
274	43
274	50
274	65
274	81
274	84
274	128
274	189
274	195
274	218
274	219
274	240
274	245
274	375
274	414
274	415
274	448
274	451
274	467
274	482
274	493
274	501
274	540
274	550
274	574
274	576
275	65
275	76
275	78
275	83
275	85
275	127
275	218
275	219
275	240
275	245
275	348
275	374
275	375
275	414
275	448
275	451
275	482
275	540
275	550
275	565
275	576
276	56
276	65
276	78
276	85
276	115
276	128
276	218
276	219
276	240
276	245
276	293
276	375
276	414
276	451
276	482
276	501
276	517
276	540
276	550
277	65
277	78
277	218
277	219
277	240
277	265
277	374
277	375
277	414
277	415
277	451
277	482
277	540
277	550
278	240
278	414
278	482
278	550
279	65
279	189
279	240
279	244
279	414
279	482
279	550
280	85
281	217
281	349
282	9
282	11
282	28
282	29
282	31
282	43
282	44
282	48
282	51
282	65
282	78
282	83
282	85
282	91
282	95
282	101
282	115
282	127
282	128
282	157
282	177
282	183
282	184
282	186
282	208
282	216
282	217
282	218
282	219
282	223
282	226
282	245
282	246
282	257
282	259
282	260
282	262
282	277
282	282
282	322
282	325
282	337
282	343
282	348
282	349
282	351
282	374
282	375
282	389
282	392
282	404
282	413
282	414
282	420
282	424
282	425
282	428
282	435
282	448
282	451
282	460
282	467
282	482
282	488
282	492
282	493
282	497
282	502
282	526
282	528
282	531
282	550
282	552
282	571
282	573
282	576
283	9
283	16
283	20
283	29
283	30
283	31
283	43
283	44
283	65
283	78
283	83
283	85
283	91
283	97
283	127
283	128
283	141
283	157
283	164
283	186
283	189
283	218
283	219
283	223
283	245
283	246
283	258
283	259
283	260
283	262
283	291
283	299
283	307
283	348
283	375
283	388
283	414
283	442
283	448
283	451
283	454
283	459
283	460
283	480
283	505
283	526
283	528
283	543
283	544
283	550
283	552
283	574
283	576
283	577
284	9
284	20
284	29
284	44
284	65
284	78
284	85
284	127
284	178
284	218
284	245
284	259
284	324
284	348
284	375
284	414
284	451
284	454
284	460
284	493
284	550
285	9
285	20
285	29
285	44
285	65
285	78
285	85
285	127
285	178
285	218
285	245
285	259
285	324
285	348
285	414
285	451
285	454
285	460
285	493
285	509
285	550
286	29
286	44
286	65
286	78
286	83
286	85
286	118
286	127
286	128
286	157
286	158
286	160
286	162
286	217
286	245
286	259
286	288
286	295
286	348
286	351
286	375
286	388
286	414
286	424
286	451
286	460
286	463
286	493
286	499
286	526
286	565
287	29
287	43
287	62
287	65
287	78
287	83
287	84
287	112
287	147
287	157
287	162
287	211
287	218
287	219
287	245
287	322
287	346
287	348
287	357
287	375
287	414
287	435
287	451
287	460
287	466
287	526
287	531
287	543
287	550
287	552
287	571
288	14
288	31
288	34
288	43
288	52
288	65
288	78
288	83
288	84
288	91
288	101
288	107
288	116
288	118
288	124
288	125
288	127
288	128
288	134
288	139
288	141
288	155
288	177
288	178
288	179
288	182
288	189
288	204
288	211
288	218
288	219
288	240
288	252
288	257
288	276
288	277
288	279
288	284
288	291
288	292
288	293
288	307
288	310
288	315
288	319
288	322
288	329
288	343
288	348
288	349
288	356
288	359
288	360
288	374
288	375
288	384
288	386
288	389
288	396
288	404
288	414
288	451
288	454
288	482
288	493
288	494
288	496
288	499
288	502
288	505
288	507
288	509
288	522
288	523
288	525
288	528
288	531
288	543
288	550
288	565
288	571
288	574
288	576
288	577
288	591
288	592
289	78
290	493
291	78
292	78
292	83
293	65
294	65
295	78
296	350
297	31
297	416
298	128
299	33
299	78
299	458
300	349
300	414
301	5
301	44
301	493
302	315
302	324
302	414
303	84
304	217
305	41
305	234
305	493
306	218
307	44
307	576
308	3
308	414
308	496
309	493
310	414
310	553
311	65
311	78
311	550
312	574
313	574
314	574
315	128
316	116
317	65
318	218
318	414
318	493
319	62
320	65
320	73
321	32
321	61
321	65
321	78
321	83
321	97
321	127
321	128
321	218
321	219
321	245
321	305
321	323
321	348
321	368
321	397
321	414
321	448
321	454
321	479
321	493
321	543
321	550
321	573
322	65
322	448
323	322
324	65
324	78
324	85
324	142
325	65
325	78
325	85
325	142
326	65
326	78
326	128
326	142
327	9
327	65
327	78
327	128
327	142
328	65
328	78
328	142
328	523
329	65
329	142
329	523
330	65
330	78
330	128
330	445
331	186
331	206
331	218
331	324
331	374
331	414
331	448
331	488
331	565
332	78
332	218
332	257
332	448
333	9
333	14
333	65
333	78
333	97
333	128
333	219
333	236
333	238
333	260
333	304
333	319
333	348
333	349
333	351
333	374
333	399
333	435
333	442
333	479
333	493
333	542
333	553
334	78
334	83
334	169
334	245
334	462
334	482
335	19
335	48
335	53
335	64
335	65
335	78
335	83
335	84
335	100
335	127
335	128
335	156
335	195
335	218
335	219
335	324
335	328
335	348
335	349
335	350
335	374
335	389
335	402
335	414
335	448
335	482
335	484
335	499
335	538
335	550
335	562
335	565
336	9
336	43
336	44
336	62
336	65
336	78
336	83
336	127
336	128
336	142
336	189
336	195
336	218
336	219
336	245
336	265
336	277
336	288
336	291
336	322
336	324
336	338
336	348
336	349
336	375
336	386
336	404
336	408
336	426
336	448
336	497
336	544
336	550
336	565
336	571
336	576
336	577
337	218
337	574
338	218
338	574
339	14
339	65
339	78
339	83
339	84
339	97
339	127
339	128
339	137
339	206
339	218
339	245
339	300
339	324
339	348
339	375
339	380
339	397
339	414
339	451
339	454
339	493
340	16
340	65
340	78
340	128
340	218
340	234
340	278
340	315
340	319
340	324
340	348
340	382
340	388
340	397
340	414
340	484
340	493
340	550
340	577
341	10
341	11
341	42
341	65
341	78
341	85
341	125
341	127
341	128
341	149
341	170
341	197
341	208
341	212
341	219
341	300
341	320
341	324
341	348
341	349
341	377
341	388
341	392
341	393
341	395
341	410
341	414
341	425
341	435
341	442
341	445
341	448
341	451
341	454
341	460
341	470
341	493
341	523
341	526
341	531
341	538
341	542
341	543
341	550
341	576
341	577
341	591
342	83
342	84
342	128
342	324
342	425
342	426
342	488
342	517
342	550
342	573
342	577
343	9
343	16
343	39
343	58
343	65
343	72
343	78
343	83
343	112
343	128
343	200
343	211
343	219
343	225
343	257
343	269
343	348
343	374
343	375
343	389
343	421
343	425
343	426
343	451
343	454
343	468
343	526
343	550
343	576
343	577
344	14
344	15
344	65
344	85
344	127
344	128
344	134
344	184
344	218
344	245
344	315
344	329
344	360
344	375
344	425
344	428
344	451
344	455
344	480
344	483
344	484
344	493
344	550
344	565
345	9
345	43
345	65
345	78
345	83
345	127
345	128
345	157
345	158
345	174
345	195
345	208
345	219
345	257
345	259
345	262
345	271
345	274
345	275
345	291
345	293
345	307
345	333
345	337
345	348
345	360
345	375
345	382
345	410
345	434
345	435
345	442
345	448
345	493
345	554
345	577
346	41
346	43
346	65
346	78
346	83
346	128
346	157
346	179
346	271
346	272
346	275
346	291
346	333
346	348
346	374
346	375
346	382
346	388
346	410
346	434
346	448
346	451
346	550
347	65
347	78
347	83
347	88
347	128
347	134
347	189
347	218
347	219
347	245
347	251
347	300
347	339
347	348
347	369
347	375
347	389
347	425
347	435
347	448
347	493
347	494
347	543
347	550
347	565
348	9
348	14
348	16
348	39
348	43
348	65
348	78
348	83
348	125
348	128
348	137
348	155
348	156
348	162
348	181
348	186
348	189
348	218
348	219
348	223
348	235
348	245
348	246
348	259
348	298
348	319
348	324
348	326
348	348
348	349
348	356
348	360
348	365
348	375
348	388
348	413
348	414
348	426
348	435
348	446
348	454
348	460
348	482
348	491
348	492
348	493
348	531
348	538
348	550
348	574
348	577
349	9
349	65
349	78
349	83
349	128
349	324
349	329
349	349
349	356
349	428
349	454
349	493
349	505
349	543
349	576
350	36
350	39
350	65
350	78
350	228
350	292
350	348
350	351
350	482
350	526
350	577
351	6
351	9
351	11
351	14
351	16
351	17
351	19
351	20
351	31
351	39
351	42
351	43
351	48
351	57
351	58
351	61
351	64
351	65
351	66
351	67
351	76
351	78
351	80
351	83
351	84
351	85
351	87
351	89
351	91
351	95
351	96
351	97
351	100
351	112
351	116
351	118
351	127
351	128
351	130
351	134
351	145
351	155
351	156
351	157
351	162
351	164
351	178
351	186
351	189
351	195
351	196
351	212
351	218
351	219
351	226
351	231
351	234
351	240
351	242
351	243
351	244
351	245
351	246
351	259
351	262
351	265
351	269
351	277
351	278
351	280
351	288
351	291
351	293
351	306
351	307
351	315
351	319
351	322
351	324
351	326
351	337
351	339
351	343
351	348
351	349
351	357
351	360
351	374
351	375
351	381
351	382
351	384
351	388
351	389
351	392
351	397
351	403
351	404
351	405
351	410
351	414
351	425
351	430
351	434
351	435
351	442
351	445
351	448
351	451
351	452
351	454
351	455
351	456
351	458
351	460
351	471
351	476
351	482
351	484
351	485
351	489
351	493
351	497
351	499
351	502
351	503
351	509
351	517
351	520
351	522
351	526
351	531
351	542
351	543
351	550
351	552
351	565
351	571
351	576
351	577
351	585
352	7
352	46
352	65
352	69
352	77
352	78
352	83
352	85
352	92
352	95
352	96
352	128
352	150
352	166
352	189
352	223
352	245
352	257
352	265
352	269
352	280
352	290
352	297
352	315
352	319
352	324
352	326
352	348
352	349
352	368
352	375
352	384
352	410
352	413
352	414
352	425
352	446
352	448
352	451
352	454
352	460
352	484
352	493
352	505
352	509
352	520
352	529
352	532
352	542
352	543
352	544
352	550
352	565
352	576
352	590
353	14
353	40
353	58
353	65
353	78
353	83
353	84
353	85
353	96
353	128
353	150
353	157
353	162
353	178
353	179
353	189
353	211
353	218
353	223
353	234
353	245
353	257
353	265
353	289
353	292
353	297
353	307
353	310
353	315
353	319
353	323
353	324
353	326
353	343
353	348
353	374
353	375
353	404
353	410
353	413
353	414
353	423
353	425
353	446
353	448
353	451
353	454
353	460
353	479
353	484
353	493
353	497
353	505
353	509
353	511
353	520
353	532
353	542
353	543
353	544
353	550
353	571
353	576
354	65
354	78
354	83
354	128
354	134
354	139
354	219
354	324
354	348
354	349
354	374
354	375
354	435
354	493
354	550
354	577
355	62
356	322
357	44
357	65
357	127
357	334
357	435
357	452
357	563
358	48
358	389
359	83
359	493
359	576
360	9
360	20
360	78
360	85
360	103
360	128
360	139
360	158
360	238
360	292
360	306
360	322
360	348
360	349
360	375
360	392
360	425
360	550
360	552
360	577
361	501
362	128
363	14
363	493
364	20
364	39
364	44
364	46
364	47
364	65
364	78
364	85
364	88
364	108
364	127
364	128
364	219
364	240
364	286
364	309
364	319
364	356
364	389
364	397
364	425
364	451
364	470
364	482
364	550
364	588
365	65
365	322
366	78
367	493
368	576
369	65
369	78
369	85
369	127
369	179
369	184
369	187
369	226
369	245
369	348
369	351
369	375
369	478
370	65
370	78
370	85
370	127
370	179
370	245
370	348
370	351
370	375
371	328
371	348
372	31
372	375
373	78
374	83
374	128
375	324
376	65
376	78
376	83
376	84
376	85
376	95
376	97
376	128
376	185
376	218
376	219
376	245
376	306
376	374
376	375
376	397
376	414
376	415
376	421
376	426
376	451
376	550
376	576
377	493
378	493
379	322
380	78
380	128
380	178
380	267
380	322
380	389
380	494
381	43
381	65
381	78
381	83
381	112
381	123
381	128
381	134
381	141
381	157
381	162
381	183
381	219
381	248
381	257
381	274
381	297
381	322
381	324
381	333
381	337
381	339
381	348
381	414
381	425
381	435
381	442
381	448
381	451
381	493
381	550
381	565
382	179
383	50
383	92
383	219
383	350
383	414
383	415
383	522
383	550
383	557
383	565
384	115
384	162
384	278
384	349
385	2
385	50
385	65
385	76
385	78
385	83
385	85
385	102
385	128
385	178
385	219
385	245
385	252
385	257
385	259
385	343
385	348
385	414
385	415
385	476
385	493
385	521
385	530
385	550
385	557
385	576
386	50
386	65
386	76
386	78
386	83
386	102
386	112
386	128
386	189
386	201
386	219
386	245
386	252
386	257
386	259
386	307
386	343
386	348
386	365
386	374
386	375
386	414
386	415
386	442
386	451
386	454
386	476
386	483
386	493
386	509
386	521
386	550
386	557
386	571
386	576
386	577
387	65
387	78
387	83
387	127
387	157
387	189
387	226
387	235
387	281
387	305
387	348
387	414
387	448
387	460
387	550
387	576
388	9
388	40
388	65
388	128
388	235
388	363
388	375
388	451
388	460
388	550
388	552
388	571
388	576
388	577
389	72
390	11
390	78
390	218
390	348
390	374
390	509
390	517
391	11
391	78
391	218
391	348
391	374
391	509
391	517
392	11
392	63
392	228
392	406
392	460
392	493
393	11
393	65
393	112
393	259
393	293
393	374
393	389
393	392
393	395
393	451
393	493
393	550
393	573
393	577
394	44
394	65
394	78
394	83
394	162
394	218
394	226
394	245
394	324
394	348
394	356
394	357
394	404
394	405
394	448
394	493
394	503
394	550
395	9
395	27
395	65
395	73
395	78
395	83
395	85
395	91
395	97
395	128
395	178
395	259
395	307
395	315
395	337
395	375
395	403
395	410
395	414
395	480
395	493
395	494
395	511
395	550
395	576
396	73
396	85
396	448
396	493
396	576
397	73
397	85
397	493
397	576
398	73
398	85
398	493
398	576
399	73
399	85
399	493
399	576
400	73
400	85
400	493
400	576
401	73
401	85
401	493
401	576
402	73
402	85
402	414
402	493
402	576
403	73
403	85
403	493
403	576
404	73
404	85
404	493
404	501
404	576
405	65
405	78
405	83
405	374
405	382
405	389
405	392
405	413
405	438
405	448
405	450
406	288
406	349
406	397
406	414
406	425
407	41
407	47
407	65
407	78
407	83
407	85
407	218
407	219
407	245
407	306
407	348
407	373
407	392
407	407
407	410
407	414
407	448
407	451
407	476
407	493
407	520
407	550
407	573
407	576
407	577
408	6
408	10
408	31
408	43
408	67
408	83
408	107
408	123
408	128
408	162
408	234
408	245
408	250
408	324
408	414
408	448
408	451
408	460
408	492
408	493
409	50
409	65
409	83
409	95
409	112
409	128
409	134
409	157
409	185
409	219
409	227
409	245
409	348
409	356
409	374
409	375
409	414
409	451
409	476
409	493
409	540
409	544
409	550
409	585
410	65
410	78
410	157
410	164
410	219
410	307
410	406
410	414
410	442
411	65
412	513
413	322
413	493
414	65
415	39
416	448
417	83
418	62
419	97
419	157
419	576
420	454
421	14
421	65
421	78
421	83
421	128
421	157
421	175
421	324
421	374
421	448
421	451
421	460
421	493
421	517
421	520
421	523
421	550
421	576
422	13
422	43
422	65
422	77
422	78
422	92
422	128
422	155
422	219
422	322
422	348
422	349
422	425
422	448
422	454
422	462
422	476
422	493
422	499
422	501
422	506
422	550
422	552
423	65
423	67
423	78
423	83
423	226
423	348
423	389
423	448
423	451
423	482
423	511
423	544
423	576
424	348
425	9
425	56
425	65
425	78
425	83
425	84
425	211
425	277
425	414
425	425
425	448
425	550
425	574
425	577
426	43
426	78
426	83
426	92
426	128
426	219
426	307
426	375
426	389
426	446
426	448
426	476
426	550
427	6
427	62
427	65
427	78
427	97
427	128
427	134
427	139
427	157
427	162
427	189
427	218
427	219
427	225
427	226
427	245
427	246
427	288
427	305
427	307
427	322
427	329
427	348
427	350
427	351
427	355
427	369
427	382
427	384
427	404
427	414
427	435
427	494
427	503
427	543
427	550
428	11
428	31
428	38
428	60
428	65
428	78
428	83
428	85
428	96
428	127
428	128
428	155
428	178
428	179
428	205
428	219
428	245
428	250
428	259
428	265
428	277
428	278
428	291
428	292
428	315
428	322
428	324
428	375
428	388
428	403
428	404
428	414
428	425
428	491
428	493
428	497
428	504
428	507
428	573
428	574
428	576
428	577
429	16
429	65
429	78
429	85
429	97
429	128
429	189
429	218
429	219
429	245
429	257
429	277
429	320
429	324
429	404
429	414
429	435
429	454
429	470
429	493
429	550
429	576
429	577
430	65
431	65
432	7
432	65
432	577
433	322
434	78
434	162
435	460
436	44
436	322
437	375
438	128
439	125
439	218
440	128
440	348
440	375
440	487
441	20
441	50
441	52
441	65
441	75
441	77
441	78
441	83
441	84
441	85
441	112
441	124
441	127
441	128
441	155
441	177
441	178
441	179
441	189
441	201
441	218
441	219
441	221
441	245
441	249
441	267
441	343
441	349
441	375
441	414
441	419
441	422
441	434
441	448
441	451
441	454
441	468
441	493
441	505
441	520
441	550
441	571
441	576
441	577
442	322
443	375
444	83
445	54
446	493
446	565
447	65
448	128
449	348
450	65
450	240
450	246
450	426
450	454
451	43
451	47
451	67
451	78
451	128
451	182
451	218
451	228
451	259
451	324
451	374
451	394
451	448
451	482
452	127
453	83
453	375
453	550
454	493
454	571
455	43
455	47
455	78
455	245
455	375
455	392
455	425
455	448
455	451
455	458
455	492
455	526
455	577
456	375
457	348
458	9
458	43
458	78
458	112
458	149
458	180
458	211
458	343
458	351
458	451
458	460
458	493
458	509
458	543
458	550
458	577
459	96
459	348
460	300
461	46
462	46
463	65
463	286
464	186
465	139
466	217
467	388
467	526
468	191
468	576
469	454
469	550
470	78
471	157
472	414
473	14
474	493
475	54
476	128
477	20
477	41
477	65
477	78
477	92
477	259
477	260
477	389
477	451
477	550
478	369
479	375
479	425
480	53
481	219
482	162
483	550
484	6
484	11
484	57
484	65
484	77
484	78
484	83
484	101
484	127
484	178
484	218
484	219
484	257
484	259
484	289
484	343
484	348
484	414
484	442
484	448
484	451
484	460
484	493
484	499
484	509
484	517
484	526
484	532
484	550
484	576
485	11
485	65
485	77
485	78
485	83
485	128
485	142
485	179
485	265
485	293
485	323
485	343
485	414
485	451
485	460
485	493
485	516
485	517
485	532
485	550
485	552
485	565
485	576
486	291
486	516
486	550
487	348
488	26
488	384
489	246
490	65
490	78
491	65
491	78
492	65
492	78
492	563
493	576
494	134
495	493
496	493
497	16
497	31
497	65
497	73
497	78
497	83
497	85
497	92
497	97
497	128
497	157
497	162
497	186
497	189
497	191
497	200
497	211
497	217
497	218
497	219
497	242
497	245
497	278
497	303
497	322
497	328
497	348
497	375
497	404
497	414
497	434
497	454
497	480
497	483
497	507
497	550
497	574
498	83
498	322
498	454
499	9
499	65
499	78
499	83
499	85
499	128
499	158
499	189
499	218
499	235
499	245
499	374
499	375
499	392
499	414
499	493
499	502
499	576
500	60
500	65
500	84
500	399
501	54
501	65
502	157
503	9
503	19
503	83
503	85
503	94
503	128
503	134
503	157
503	189
503	219
503	235
503	245
503	306
503	315
503	337
503	448
503	451
503	482
503	576
504	14
504	28
504	65
504	72
504	73
504	78
504	85
504	127
504	128
504	157
504	162
504	189
504	218
504	219
504	240
504	291
504	297
504	360
504	375
504	414
504	442
504	493
504	550
504	576
505	375
506	39
506	65
507	22
508	54
508	65
508	454
509	68
510	9
510	44
510	128
510	356
511	291
512	44
513	3
514	157
515	448
515	576
516	460
516	550
517	322
518	375
519	84
520	26
520	232
520	257
521	501
522	493
523	65
523	69
523	414
524	375
525	125
525	349
525	414
525	550
526	356
527	162
527	324
527	356
527	550
528	414
529	68
530	550
531	39
532	531
533	128
534	162
535	83
536	182
537	10
537	11
537	14
537	20
537	41
537	44
537	78
537	83
537	84
537	112
537	127
537	128
537	157
537	217
537	219
537	262
537	299
537	322
537	374
537	386
537	388
537	405
537	414
537	435
537	442
537	446
537	454
537	472
537	473
537	474
537	493
537	501
537	502
537	531
537	543
537	550
537	562
537	564
537	577
537	592
538	10
538	11
538	46
538	47
538	65
538	78
538	85
538	128
538	319
538	351
538	375
538	382
538	389
538	435
538	454
538	479
538	493
538	543
538	550
539	13
539	26
539	32
539	41
539	65
539	78
539	83
539	88
539	128
539	179
539	185
539	272
539	315
539	348
539	451
539	493
539	497
539	520
539	573
539	577
540	156
540	307
541	97
541	128
541	235
541	299
541	300
541	348
541	392
541	421
541	425
541	493
541	550
542	65
542	375
542	448
542	451
542	457
542	493
542	550
543	28
543	65
543	78
543	83
543	85
543	91
543	92
543	128
543	226
543	307
543	395
543	451
543	576
544	43
544	78
544	115
544	128
544	223
544	309
544	348
544	414
544	448
544	451
544	522
544	550
544	571
544	576
545	11
545	50
545	65
545	78
545	93
545	104
545	123
545	125
545	128
545	149
545	189
545	218
545	219
545	240
545	259
545	271
545	329
545	343
545	389
545	414
545	448
545	457
545	493
545	509
545	550
545	568
545	577
546	65
546	78
546	128
546	265
546	494
547	65
547	78
547	127
547	348
547	375
547	414
547	492
547	493
547	571
547	576
548	6
548	33
548	43
548	65
548	68
548	78
548	83
548	84
548	88
548	112
548	115
548	155
548	183
548	211
548	218
548	219
548	245
548	268
548	295
548	299
548	324
548	348
548	349
548	351
548	356
548	368
548	374
548	384
548	389
548	394
548	414
548	451
548	454
548	482
548	491
548	493
548	503
548	504
548	509
548	544
548	550
548	576
548	577
548	588
549	43
549	65
549	83
549	85
549	139
549	155
549	219
549	299
549	315
549	348
549	374
549	392
549	414
549	453
549	460
549	467
549	482
549	493
549	517
549	520
549	542
549	550
549	562
549	576
550	16
550	65
550	425
550	440
551	11
551	42
551	43
551	63
551	65
551	78
551	83
551	88
551	95
551	128
551	155
551	211
551	219
551	245
551	252
551	288
551	306
551	319
551	348
551	356
551	392
551	413
551	414
551	425
551	448
551	451
551	454
551	493
551	503
551	509
551	526
551	550
551	552
551	576
551	577
552	2
552	39
552	43
552	65
552	78
552	83
552	94
552	128
552	134
552	189
552	219
552	226
552	240
552	245
552	264
552	288
552	348
552	356
552	389
552	404
552	407
552	451
552	497
552	574
553	78
553	348
554	550
555	493
556	6
556	78
556	83
556	142
556	218
556	245
556	351
556	414
557	78
557	524
558	78
558	84
558	128
558	219
558	257
558	375
558	392
558	414
558	550
559	14
560	65
560	78
560	83
560	85
560	127
560	128
560	158
560	189
560	363
560	395
560	451
560	493
560	550
560	553
560	577
561	7
561	10
561	43
561	65
561	67
561	77
561	78
561	83
561	97
561	109
561	128
561	134
561	155
561	157
561	179
561	189
561	218
561	226
561	230
561	259
561	277
561	278
561	348
561	414
561	420
561	448
561	493
561	528
561	550
561	576
561	577
562	16
562	78
562	179
562	218
562	219
562	240
562	348
562	356
562	374
562	414
562	425
562	550
563	9
563	14
563	31
563	65
563	78
563	95
563	112
563	128
563	178
563	218
563	277
563	292
563	338
563	454
563	524
563	550
564	65
564	78
564	84
564	97
564	127
564	128
564	189
564	218
564	219
564	337
564	343
564	348
564	375
564	451
564	454
564	509
564	550
564	577
565	245
565	375
565	414
566	65
566	78
566	85
566	158
566	219
566	245
566	375
566	550
567	40
567	85
567	375
568	40
568	85
568	375
569	40
569	85
569	179
569	375
570	84
571	65
571	85
571	205
571	268
571	298
571	375
571	414
572	348
572	349
572	484
573	14
573	78
573	149
573	258
573	303
573	324
573	348
573	360
573	365
573	414
574	78
574	245
574	576
575	78
575	245
575	374
575	576
576	40
576	65
576	337
576	348
576	375
576	509
576	550
577	40
577	65
577	337
577	348
577	375
577	509
577	550
578	337
578	375
578	509
578	550
579	78
579	218
579	337
579	375
579	493
579	509
579	550
580	85
580	375
581	85
581	375
582	85
582	375
583	128
583	414
584	65
584	245
584	550
585	65
585	245
585	550
586	65
586	207
586	351
586	451
586	550
587	65
587	207
587	351
587	451
587	550
588	65
588	351
588	492
588	550
589	65
589	351
589	492
589	550
590	78
590	348
590	375
590	451
590	482
590	488
590	493
590	550
590	576
591	482
591	532
592	3
592	78
592	459
592	482
593	493
594	576
595	576
596	78
596	115
596	189
596	215
596	218
596	322
596	351
596	356
597	127
597	351
597	384
597	482
598	158
598	577
599	78
599	176
599	277
599	375
599	460
599	482
599	576
600	176
600	550
601	257
602	3
602	9
602	224
602	550
603	224
603	550
604	44
604	224
604	307
604	375
604	442
605	65
605	128
605	189
605	224
605	414
605	493
605	502
605	550
606	65
606	78
606	83
606	128
606	224
606	414
606	448
606	482
606	488
606	493
606	544
606	577
607	65
607	78
607	224
607	414
607	550
608	65
608	69
608	78
608	83
608	128
608	179
608	215
608	224
608	245
608	257
608	268
608	322
608	356
608	363
608	550
609	65
609	78
609	83
609	179
609	201
609	219
609	245
609	252
609	360
609	375
609	382
609	414
609	493
609	550
610	50
610	65
610	78
610	83
610	179
610	224
610	245
610	360
610	414
610	467
610	550
610	574
611	3
611	179
611	218
611	224
611	245
611	414
612	64
612	65
612	78
612	128
612	179
612	224
612	245
612	552
613	3
613	65
613	179
613	215
613	224
613	245
613	348
613	414
613	454
613	484
613	577
614	493
615	493
616	3
616	78
616	128
616	218
616	348
617	245
617	382
617	435
617	476
618	127
618	218
618	219
618	375
618	448
618	550
618	552
619	78
619	215
619	245
619	322
619	329
619	343
619	414
619	488
620	65
620	78
620	134
620	245
620	348
620	550
621	78
621	219
621	277
622	14
622	16
622	39
622	78
622	128
622	139
622	155
622	187
622	235
622	319
622	349
622	375
622	414
622	435
622	451
622	550
623	47
623	50
623	78
623	83
623	177
623	218
623	245
623	356
623	373
623	374
623	448
623	565
624	83
624	493
625	42
625	65
625	73
625	78
625	83
625	128
625	178
625	189
625	219
625	324
625	337
625	348
625	375
625	414
625	425
625	448
625	451
625	493
625	550
625	563
625	576
625	588
626	83
626	178
626	189
626	277
626	289
626	380
626	448
626	460
626	467
626	493
626	516
626	550
626	577
627	128
627	219
627	501
627	550
628	219
628	550
629	14
629	84
629	127
629	134
629	238
629	348
629	414
629	451
629	550
630	467
631	467
632	467
633	389
634	454
635	42
635	207
635	574
636	65
636	128
636	207
636	451
636	502
637	189
637	374
637	454
638	189
638	374
638	454
639	348
640	399
641	78
642	43
643	65
644	47
644	78
644	356
644	375
644	492
644	574
645	47
645	78
645	356
645	375
645	492
645	574
646	78
646	574
647	574
648	574
649	101
649	128
649	550
650	101
650	324
650	455
650	550
650	565
651	127
651	128
651	414
651	454
652	32
653	179
653	349
654	78
654	259
654	348
654	351
654	522
655	348
655	425
656	128
656	414
657	360
658	550
659	65
659	127
659	388
659	502
660	65
661	65
661	322
661	348
662	65
662	128
663	65
664	265
664	349
665	158
666	32
666	65
666	78
666	83
666	208
666	348
666	448
666	497
666	550
667	78
667	85
667	207
667	337
668	73
668	157
668	162
668	365
668	389
668	425
668	493
669	39
669	65
669	78
669	550
669	576
670	41
670	44
670	65
670	78
670	83
670	116
670	128
670	134
670	179
670	189
670	205
670	226
670	258
670	348
670	375
670	435
670	448
670	482
670	493
670	531
670	533
670	550
670	576
671	13
671	31
671	43
671	65
671	78
671	83
671	315
671	351
671	386
671	435
671	487
672	65
672	78
672	128
672	219
672	375
672	576
673	83
673	218
673	434
673	442
673	550
674	65
675	26
675	291
675	349
675	435
675	493
676	78
676	552
677	9
677	78
677	128
677	178
677	348
677	397
677	482
677	493
677	543
677	573
678	257
678	351
678	552
679	16
679	65
679	127
679	128
679	177
679	219
679	277
679	291
679	317
679	375
679	464
679	543
679	565
680	83
680	134
681	226
681	420
681	448
682	128
683	9
683	78
683	100
683	115
683	295
683	550
684	14
684	32
684	41
684	43
684	44
684	65
684	78
684	83
684	92
684	103
684	128
684	139
684	155
684	157
684	218
684	219
684	293
684	306
684	324
684	414
684	448
684	493
684	502
684	550
684	577
685	451
685	550
686	65
686	78
686	83
686	128
686	184
686	219
686	298
686	299
686	348
686	479
686	550
687	65
687	189
687	375
688	78
688	177
688	292
688	332
688	425
688	484
688	543
688	550
689	185
689	351
690	65
690	128
690	501
691	47
691	62
691	139
691	218
691	476
691	522
692	83
692	219
692	389
693	128
693	351
693	550
694	76
694	92
694	128
694	351
694	493
694	550
694	576
695	13
695	78
695	257
695	351
696	65
696	128
696	218
696	219
696	454
696	571
697	78
697	550
698	65
698	85
698	112
698	330
698	348
698	550
699	493
700	162
701	68
702	54
703	25
703	65
703	78
703	116
703	128
703	277
703	348
703	351
703	382
703	394
703	414
703	502
703	523
704	97
705	349
706	78
706	219
706	348
706	388
706	550
707	351
707	543
708	78
708	128
708	218
708	322
708	343
708	351
708	576
709	576
710	162
710	257
711	14
711	65
711	78
711	83
711	177
711	218
711	406
711	448
711	493
711	503
711	509
711	550
711	571
712	162
713	348
713	389
714	78
714	84
714	127
714	322
714	351
714	543
715	78
715	134
715	241
715	324
715	348
715	482
715	493
715	550
716	189
717	65
717	359
717	435
717	493
717	565
717	574
718	9
719	414
720	65
720	375
721	78
721	127
721	128
721	219
721	351
721	414
721	451
721	502
721	550
722	134
722	265
722	414
722	550
723	65
723	78
723	83
723	85
723	128
723	178
723	189
723	206
723	324
723	375
723	382
723	388
723	397
723	414
723	451
723	454
723	550
723	565
724	219
725	9
725	65
725	127
725	497
725	550
726	65
726	83
726	128
726	219
726	235
726	238
726	324
726	332
726	425
726	454
726	493
726	550
726	583
727	65
727	78
727	85
727	108
727	127
727	259
727	292
727	320
727	343
727	348
727	349
727	351
727	356
727	389
727	414
727	451
727	493
727	550
727	557
728	31
728	65
728	78
728	83
728	127
728	128
728	306
728	348
728	414
728	451
728	454
728	493
728	502
728	550
729	388
729	493
730	65
730	307
730	403
731	178
732	375
732	411
732	414
732	435
732	451
732	577
733	9
733	83
734	31
734	78
734	94
734	127
734	259
734	388
734	403
734	454
735	78
735	97
735	219
735	267
735	277
735	278
735	351
735	375
735	446
736	16
736	41
736	43
736	53
736	65
736	73
736	78
736	101
736	109
736	128
736	162
736	219
736	259
736	267
736	315
736	348
736	349
736	350
736	351
736	375
736	414
736	550
737	94
737	493
737	563
737	565
737	568
737	576
738	319
738	550
738	574
739	348
739	458
739	495
740	65
740	351
740	448
740	451
740	493
740	576
741	232
741	493
741	576
742	454
743	577
744	78
744	97
744	119
744	448
744	502
745	78
745	85
745	94
745	128
745	375
745	448
745	550
746	83
746	451
746	493
746	550
747	278
747	389
747	493
748	576
749	9
749	39
749	65
749	78
749	128
749	219
749	245
749	293
749	319
749	375
749	384
749	414
749	493
749	550
750	240
751	65
751	78
752	5
752	47
752	57
752	65
752	112
752	128
752	157
752	337
752	348
752	414
752	435
752	448
752	454
752	484
752	493
752	526
752	550
753	350
753	351
753	493
754	9
754	78
754	85
754	324
754	476
755	219
755	438
756	78
756	155
756	307
756	351
757	351
757	550
758	145
758	425
758	435
759	65
759	228
759	315
759	319
759	348
759	388
759	404
759	428
760	65
760	83
760	219
760	448
760	550
761	83
761	351
762	47
762	65
762	70
762	78
762	85
762	116
762	208
762	290
762	315
762	322
762	324
762	328
762	350
762	351
762	413
762	414
762	425
762	502
762	576
763	51
763	187
763	288
763	319
763	413
763	414
763	496
764	448
765	356
766	78
766	86
766	157
766	245
766	295
766	322
766	451
766	493
766	496
767	65
767	346
768	85
769	65
769	78
769	219
769	226
769	348
769	386
769	403
769	492
769	493
769	502
769	520
769	550
770	353
771	286
772	414
773	11
773	65
773	78
773	83
773	100
773	112
773	148
773	184
773	219
773	375
773	376
773	425
773	442
773	448
773	493
773	496
773	550
774	171
775	65
776	218
777	54
778	65
779	576
780	54
781	544
782	128
782	550
783	157
784	65
785	179
786	128
787	258
788	65
789	54
790	353
791	9
791	11
791	47
791	50
791	65
791	78
791	83
791	85
791	128
791	184
791	211
791	218
791	219
791	240
791	348
791	375
791	414
791	424
791	425
791	460
791	497
791	515
791	526
791	543
791	550
791	565
791	576
792	9
792	11
792	43
792	47
792	50
792	65
792	78
792	83
792	128
792	184
792	211
792	218
792	219
792	240
792	348
792	375
792	414
792	424
792	425
792	460
792	497
792	515
792	526
792	550
792	565
792	576
793	9
793	11
793	47
793	50
793	65
793	78
793	83
793	128
793	184
793	211
793	218
793	219
793	240
793	348
793	375
793	414
793	424
793	460
793	497
793	515
793	526
793	550
793	565
793	576
794	14
794	39
794	41
794	57
794	65
794	78
794	83
794	85
794	95
794	128
794	141
794	179
794	218
794	252
794	291
794	307
794	319
794	356
794	360
794	414
794	447
794	451
794	454
794	484
794	485
794	493
794	522
794	523
794	576
795	65
796	299
796	322
796	328
796	523
797	240
798	31
798	65
798	78
798	451
798	531
799	9
799	41
799	61
799	65
799	78
799	109
799	218
799	240
799	246
799	262
799	291
799	349
799	451
799	454
799	550
799	577
800	43
800	83
800	97
800	189
800	218
800	233
800	259
800	349
801	39
801	65
801	78
801	83
801	85
801	128
801	414
801	550
802	78
802	83
802	550
802	571
803	65
804	78
805	26
805	65
805	78
805	134
805	259
805	493
805	502
805	520
806	14
806	78
806	127
806	157
806	189
806	291
806	375
807	78
807	219
807	375
807	414
807	515
808	20
808	348
808	351
808	375
809	218
809	571
810	128
811	78
812	65
813	65
813	157
813	168
813	448
814	278
815	65
815	179
815	189
815	218
815	219
815	241
815	337
815	348
815	451
815	488
816	41
816	65
816	83
816	112
816	123
816	128
816	162
816	235
816	389
816	405
816	414
816	446
816	451
816	503
816	514
816	515
816	531
816	550
816	576
817	458
817	493
818	78
818	494
819	78
819	107
819	128
819	222
820	14
820	72
820	78
820	128
820	218
820	240
820	258
820	265
820	267
820	399
820	414
820	425
820	454
820	482
820	493
820	543
821	65
821	78
821	128
821	493
822	414
823	523
824	44
824	65
824	128
825	65
825	423
825	576
826	14
826	56
826	64
826	65
826	85
826	95
826	97
826	127
826	128
826	178
826	218
826	219
826	234
826	240
826	268
826	315
826	348
826	357
826	374
826	375
826	388
826	413
826	414
826	425
826	451
826	526
826	550
826	576
826	588
826	592
827	14
827	56
827	64
827	65
827	85
827	95
827	97
827	127
827	128
827	178
827	218
827	219
827	234
827	240
827	268
827	315
827	348
827	357
827	374
827	375
827	413
827	414
827	425
827	526
827	550
827	576
827	588
827	592
828	14
828	56
828	57
828	64
828	65
828	83
828	85
828	95
828	97
828	127
828	128
828	178
828	218
828	240
828	268
828	315
828	348
828	357
828	374
828	375
828	388
828	414
828	425
828	526
828	550
828	576
828	588
828	592
829	127
830	576
831	14
831	65
831	78
831	207
832	9
832	47
832	50
832	58
832	65
832	69
832	78
832	85
832	127
832	128
832	134
832	184
832	189
832	218
832	245
832	251
832	252
832	268
832	315
832	316
832	319
832	323
832	324
832	328
832	348
832	356
832	357
832	361
832	362
832	365
832	374
832	388
832	397
832	398
832	402
832	404
832	414
832	425
832	448
832	451
832	454
832	478
832	493
832	509
832	526
832	528
832	565
832	576
833	9
833	47
833	50
833	65
833	78
833	85
833	128
833	134
833	189
833	218
833	245
833	268
833	315
833	323
833	324
833	328
833	356
833	357
833	361
833	365
833	374
833	397
833	402
833	404
833	414
833	425
833	451
833	493
833	526
833	528
833	565
833	576
833	583
834	5
834	34
834	64
834	65
834	78
834	83
834	88
834	112
834	128
834	189
834	218
834	219
834	245
834	346
834	356
834	374
834	414
834	425
834	451
834	479
834	482
834	493
834	502
834	516
834	526
834	550
834	576
835	3
835	14
835	16
835	32
835	41
835	44
835	46
835	47
835	52
835	53
835	58
835	62
835	64
835	65
835	69
835	73
835	78
835	83
835	85
835	127
835	128
835	157
835	178
835	189
835	211
835	217
835	218
835	219
835	226
835	234
835	245
835	252
835	259
835	291
835	295
835	300
835	306
835	307
835	309
835	348
835	349
835	356
835	365
835	369
835	375
835	402
835	414
835	422
835	425
835	428
835	448
835	451
835	479
835	482
835	492
835	493
835	550
835	570
835	571
835	573
835	576
835	577
835	579
836	375
836	451
837	496
838	78
838	86
838	374
838	576
839	14
839	348
840	218
840	267
840	550
841	65
841	78
841	83
841	128
841	134
841	250
841	348
841	550
842	65
842	78
842	84
842	97
842	414
842	451
842	493
842	550
842	558
842	571
843	125
844	125
845	125
846	9
846	56
846	65
846	78
846	259
846	337
846	339
846	420
846	482
846	493
846	523
847	78
847	322
848	178
848	348
848	448
848	576
848	577
849	47
849	77
849	78
849	83
849	86
849	128
849	157
849	218
849	219
849	240
849	265
849	348
849	390
849	442
849	454
849	458
849	482
849	493
849	550
850	343
851	16
851	39
851	45
851	65
851	75
851	78
851	83
851	84
851	85
851	91
851	95
851	112
851	127
851	128
851	157
851	176
851	178
851	188
851	189
851	219
851	243
851	249
851	265
851	268
851	278
851	303
851	324
851	337
851	348
851	360
851	374
851	375
851	388
851	389
851	414
851	426
851	434
851	448
851	451
851	452
851	454
851	474
851	493
851	502
851	506
851	508
851	550
851	571
851	576
851	577
852	14
852	28
852	39
852	43
852	65
852	78
852	83
852	84
852	134
852	157
852	180
852	189
852	211
852	219
852	245
852	258
852	277
852	278
852	279
852	286
852	291
852	324
852	348
852	349
852	364
852	375
852	395
852	404
852	413
852	414
852	442
852	446
852	451
852	482
852	493
852	497
852	509
852	523
852	526
852	577
853	10
853	43
853	65
853	78
853	83
853	84
853	85
853	92
853	97
853	128
853	139
853	157
853	168
853	178
853	179
853	189
853	218
853	240
853	257
853	260
853	288
853	321
853	337
853	348
853	351
853	375
853	388
853	404
853	414
853	425
853	451
853	454
853	484
853	485
853	493
853	494
853	502
853	523
853	524
853	550
853	560
853	564
853	576
853	577
854	31
854	43
854	77
854	78
854	85
854	92
854	128
854	137
854	141
854	179
854	189
854	194
854	219
854	286
854	292
854	375
854	388
854	392
854	414
854	435
854	451
854	454
854	493
854	517
854	524
854	550
854	576
854	577
